#                                                                                                       --- full sequence --- -------------- this domain -------------   hmm coord   ali coord   env coord
# target name                                   accession   tlen query name           accession   qlen   E-value  score  bias   #  of  c-Evalue  i-Evalue  score  bias  from    to  from    to  from    to  acc description of target
#                           ------------------- ---------- ----- -------------------- ---------- ----- --------- ------ ----- --- --- --------- --------- ------ ----- ----- ----- ----- ----- ----- ----- ---- ---------------------
NODE_4522_length_18603_cov_34.336792:2597-17604 -            686 13400at7898          -           1000  5.2e-235  781.2   3.8   1   1  5.6e-238  7.2e-235  780.7   3.8     1   622     4   686     4   686 0.83 -
NODE_9308_length_15091_cov_36.633738:1448-12924 -            268 13400at7898          -           1000   2.2e-07   27.7   0.7   1   2     1e-09   1.3e-06   25.1   0.1   477   531    92   145    84   162 0.86 -
NODE_9308_length_15091_cov_36.633738:1448-12924 -            268 13400at7898          -           1000   2.2e-07   27.7   0.7   2   2     0.036        47    0.1   0.0     9    39   166   196   156   200 0.84 -
NODE_20760_length_11190_cov_102.887566:539-8211 -            472 13400at7898          -           1000   5.7e-06   23.0   7.7   1   3   3.7e-05     0.048   10.0   0.0   157   231    11    89     2    95 0.74 -
NODE_20760_length_11190_cov_102.887566:539-8211 -            472 13400at7898          -           1000   5.7e-06   23.0   7.7   2   3     0.011        14    1.9   0.3   162   218   131   183    93   207 0.63 -
NODE_20760_length_11190_cov_102.887566:539-8211 -            472 13400at7898          -           1000   5.7e-06   23.0   7.7   3   3   7.9e-05       0.1    8.9   0.1   481   534   370   424   323   438 0.71 -
NODE_22102_length_10884_cov_39.595549:6866-7849 -            328 13400at7898          -           1000    0.0015   15.0   4.7   1   1   1.6e-06     0.002   14.5   4.7   166   343    88   260    81   313 0.59 -
NODE_16225_length_12399_cov_41.056341:6209-7087 -            293 13400at7898          -           1000     0.038   10.3   0.8   1   2   6.8e-05     0.087    9.1   0.0   165   228    89   152    84   181 0.79 -
NODE_16225_length_12399_cov_41.056341:6209-7087 -            293 13400at7898          -           1000     0.038   10.3   0.8   2   2     0.079     1e+02   -1.0   0.1   389   454   210   272   193   284 0.64 -
#
# Program:         hmmsearch
# Version:         3.1b2 (February 2015)
# Pipeline mode:   SEARCH
# Query file:      /home/e1garcia/shotgun_PIRE/abyss/busco_downloads/lineages/actinopterygii_odb10/hmms/13400at7898.hmm
# Target file:     /home/e1garcia/shotgun_PIRE/pire_ssl_data_processing/plotosus_lineatus/busco_contigs_results-SPAdes_contam_R1R2_noIsolate/run_actinopterygii_odb10/metaeuk_output/initial_results/contigs.modified.fasta.modified.fas
# Option settings: hmmsearch --domtblout /home/e1garcia/shotgun_PIRE/pire_ssl_data_processing/plotosus_lineatus/busco_contigs_results-SPAdes_contam_R1R2_noIsolate/run_actinopterygii_odb10/hmmer_output/initial_run_results/13400at7898.out --cpu 1 /home/e1garcia/shotgun_PIRE/abyss/busco_downloads/lineages/actinopterygii_odb10/hmms/13400at7898.hmm /home/e1garcia/shotgun_PIRE/pire_ssl_data_processing/plotosus_lineatus/busco_contigs_results-SPAdes_contam_R1R2_noIsolate/run_actinopterygii_odb10/metaeuk_output/initial_results/contigs.modified.fasta.modified.fas 
# Current dir:     /home/e1garcia/shotgun_PIRE/pire_ssl_data_processing/plotosus_lineatus
# Date:            Fri Aug 20 13:16:08 2021
# [ok]
