#                                                                                                        --- full sequence --- -------------- this domain -------------   hmm coord   ali coord   env coord
# target name                                    accession   tlen query name           accession   qlen   E-value  score  bias   #  of  c-Evalue  i-Evalue  score  bias  from    to  from    to  from    to  acc description of target
#                            ------------------- ---------- ----- -------------------- ---------- ----- --------- ------ ----- --- --- --------- --------- ------ ----- ----- ----- ----- ----- ----- ----- ---- ---------------------
NODE_3472_length_20064_cov_42.089056:1222-18837  -            891 16420at7898          -           1178  8.9e-285  945.9 242.6   1   2  1.2e-186  1.5e-183  610.7 155.7   267   764     1   535     1   540 0.91 -
NODE_3472_length_20064_cov_42.089056:1222-18837  -            891 16420at7898          -           1178  8.9e-285  945.9 242.6   2   2  4.3e-105  5.5e-102  340.5  81.0   802  1107   538   887   531   891 0.83 -
NODE_18408_length_11785_cov_200.099778:5889-6611 -            241 16420at7898          -           1178   2.5e-16   56.8   6.1   1   1   2.5e-19   3.2e-16   56.5   6.1  1115  1177   148   212   137   213 0.93 -
NODE_40293_length_8049_cov_35.700503:6219-6851   -            211 16420at7898          -           1178     1e-14   51.5   5.1   1   1   9.4e-18   1.2e-14   51.3   5.1  1111  1175   145   210   110   211 0.90 -
NODE_1583_length_24168_cov_39.433504:1891-16367  -            686 16420at7898          -           1178   2.3e-09   33.8   4.8   1   5     2e-06    0.0025   13.8   0.1    26    64    10    48     2    55 0.85 -
NODE_1583_length_24168_cov_39.433504:1891-16367  -            686 16420at7898          -           1178   2.3e-09   33.8   4.8   2   5   3.3e-11   4.2e-08   29.6   1.7  1115  1153    77   115    66   127 0.92 -
NODE_1583_length_24168_cov_39.433504:1891-16367  -            686 16420at7898          -           1178   2.3e-09   33.8   4.8   3   5     0.051        65   -0.9   2.3   965   996   311   342   225   353 0.60 -
NODE_1583_length_24168_cov_39.433504:1891-16367  -            686 16420at7898          -           1178   2.3e-09   33.8   4.8   4   5   0.00076      0.98    5.2  15.2   261   357   394   489   382   504 0.79 -
NODE_1583_length_24168_cov_39.433504:1891-16367  -            686 16420at7898          -           1178   2.3e-09   33.8   4.8   5   5      0.27   3.4e+02   -3.2   0.2    64    84   662   682   643   685 0.56 -
NODE_127096_length_2979_cov_34.194097:1052-2275  -            144 16420at7898          -           1178      0.13    8.1   0.2   1   1   0.00013      0.17    7.7   0.2  1047  1068    82   103    79   105 0.94 -
#
# Program:         hmmsearch
# Version:         3.1b2 (February 2015)
# Pipeline mode:   SEARCH
# Query file:      /home/e1garcia/shotgun_PIRE/abyss/busco_downloads/lineages/actinopterygii_odb10/hmms/16420at7898.hmm
# Target file:     /home/e1garcia/shotgun_PIRE/pire_ssl_data_processing/plotosus_lineatus/busco_contigs_results-SPAdes_contam_R1R2_noIsolate/run_actinopterygii_odb10/metaeuk_output/initial_results/contigs.modified.fasta.modified.fas
# Option settings: hmmsearch --domtblout /home/e1garcia/shotgun_PIRE/pire_ssl_data_processing/plotosus_lineatus/busco_contigs_results-SPAdes_contam_R1R2_noIsolate/run_actinopterygii_odb10/hmmer_output/initial_run_results/16420at7898.out --cpu 1 /home/e1garcia/shotgun_PIRE/abyss/busco_downloads/lineages/actinopterygii_odb10/hmms/16420at7898.hmm /home/e1garcia/shotgun_PIRE/pire_ssl_data_processing/plotosus_lineatus/busco_contigs_results-SPAdes_contam_R1R2_noIsolate/run_actinopterygii_odb10/metaeuk_output/initial_results/contigs.modified.fasta.modified.fas 
# Current dir:     /home/e1garcia/shotgun_PIRE/pire_ssl_data_processing/plotosus_lineatus
# Date:            Fri Aug 20 13:24:55 2021
# [ok]
