#                                                                                                        --- full sequence --- -------------- this domain -------------   hmm coord   ali coord   env coord
# target name                                    accession   tlen query name           accession   qlen   E-value  score  bias   #  of  c-Evalue  i-Evalue  score  bias  from    to  from    to  from    to  acc description of target
#                            ------------------- ---------- ----- -------------------- ---------- ----- --------- ------ ----- --- --- --------- --------- ------ ----- ----- ----- ----- ----- ----- ----- ---- ---------------------
NODE_3567_length_19923_cov_53.127774:7372-19276  -            579 26208at7898          -            640  8.7e-278  921.8   2.4   1   2    7e-184  1.5e-180  600.6   0.2     8   294     2   306     1   316 0.97 -
NODE_3567_length_19923_cov_53.127774:7372-19276  -            579 26208at7898          -            640  8.7e-278  921.8   2.4   2   2   3.7e-99     8e-96  320.7   0.2   295   479   381   579   372   579 0.94 -
NODE_31844_length_9148_cov_37.412974:1646-7581   -            597 26208at7898          -            640  1.8e-145  484.7   0.1   1   3  1.4e-137    3e-134  447.6   0.0     1   273    48   324    48   338 0.97 -
NODE_31844_length_9148_cov_37.412974:1646-7581   -            597 26208at7898          -            640  1.8e-145  484.7   0.1   2   3     0.017        36    1.3   0.0   268   296   361   390   349   399 0.84 -
NODE_31844_length_9148_cov_37.412974:1646-7581   -            597 26208at7898          -            640  1.8e-145  484.7   0.1   3   3   8.5e-12   1.8e-08   32.1   0.0   300   347   546   593   521   597 0.88 -
NODE_21466_length_11030_cov_44.685848:4343-10875 -            482 26208at7898          -            640  2.1e-103  345.7   0.9   1   4   8.7e-75   1.9e-71  240.2   0.1   101   272     1   173     1   183 0.95 -
NODE_21466_length_11030_cov_44.685848:4343-10875 -            482 26208at7898          -            640  2.1e-103  345.7   0.9   2   4   3.8e-23   8.2e-20   69.6   0.0   266   406   192   354   187   356 0.79 -
NODE_21466_length_11030_cov_44.685848:4343-10875 -            482 26208at7898          -            640  2.1e-103  345.7   0.9   3   4     7e-10   1.5e-06   25.7   0.0   430   478   354   401   348   408 0.84 -
NODE_21466_length_11030_cov_44.685848:4343-10875 -            482 26208at7898          -            640  2.1e-103  345.7   0.9   4   4   0.00083       1.8    5.7   0.1   512   535   412   435   401   482 0.76 -
#
# Program:         hmmsearch
# Version:         3.1b2 (February 2015)
# Pipeline mode:   SEARCH
# Query file:      /home/e1garcia/shotgun_PIRE/abyss/busco_downloads/lineages/actinopterygii_odb10/hmms/26208at7898.hmm
# Target file:     /home/e1garcia/shotgun_PIRE/pire_ssl_data_processing/plotosus_lineatus/busco_contigs_results-SPAdes_contam_R1R2_noIsolate/run_actinopterygii_odb10/metaeuk_output/initial_results/contigs.modified.fasta.modified.fas
# Option settings: hmmsearch --domtblout /home/e1garcia/shotgun_PIRE/pire_ssl_data_processing/plotosus_lineatus/busco_contigs_results-SPAdes_contam_R1R2_noIsolate/run_actinopterygii_odb10/hmmer_output/initial_run_results/26208at7898.out --cpu 1 /home/e1garcia/shotgun_PIRE/abyss/busco_downloads/lineages/actinopterygii_odb10/hmms/26208at7898.hmm /home/e1garcia/shotgun_PIRE/pire_ssl_data_processing/plotosus_lineatus/busco_contigs_results-SPAdes_contam_R1R2_noIsolate/run_actinopterygii_odb10/metaeuk_output/initial_results/contigs.modified.fasta.modified.fas 
# Current dir:     /home/e1garcia/shotgun_PIRE/pire_ssl_data_processing/plotosus_lineatus
# Date:            Fri Aug 20 13:16:48 2021
# [ok]
