#                                                                                                        --- full sequence --- -------------- this domain -------------   hmm coord   ali coord   env coord
# target name                                    accession   tlen query name           accession   qlen   E-value  score  bias   #  of  c-Evalue  i-Evalue  score  bias  from    to  from    to  from    to  acc description of target
#                            ------------------- ---------- ----- -------------------- ---------- ----- --------- ------ ----- --- --- --------- --------- ------ ----- ----- ----- ----- ----- ----- ----- ---- ---------------------
NODE_1226_length_25545_cov_38.694608:12582-25339 -            500 4973at7898           -           1107   8.7e-13   45.3   0.0   1   1   1.5e-15   1.1e-12   45.0   0.0   319   446     3   130     1   198 0.72 -
NODE_21385_length_11050_cov_22.221350:4213-9446  -            344 4973at7898           -           1107   1.1e-12   44.9   0.0   1   1   2.3e-15   1.6e-12   44.4   0.0   704   849    67   214    53   230 0.88 -
NODE_51195_length_6938_cov_39.379880:1756-4821   -            204 4973at7898           -           1107   2.5e-11   40.4   0.0   1   1   4.4e-14   3.1e-11   40.1   0.0   321   411     2    93     1   105 0.80 -
NODE_7639_length_16052_cov_36.861970:2040-13330  -            408 4973at7898           -           1107   9.9e-08   28.5   0.0   1   1   2.5e-10   1.8e-07   27.7   0.0   705   825   120   240   113   264 0.82 -
NODE_54968_length_6613_cov_29.350783:463-6074    -            339 4973at7898           -           1107   1.4e-05   21.4   0.0   1   1   3.4e-08   2.4e-05   20.6   0.0   700   791   125   216   114   281 0.94 -
NODE_11494_length_14064_cov_41.170426:2708-8975  -            285 4973at7898           -           1107   7.2e-05   19.0   1.7   1   1     7e-07    0.0005   16.3   1.7   485   586    47   147    35   151 0.83 -
NODE_27424_length_9854_cov_41.312250:390-9526    -            293 4973at7898           -           1107   0.00024   17.3   0.0   1   2     0.014       9.9    2.0   0.0  1004  1080    23   106    18   125 0.76 -
NODE_27424_length_9854_cov_41.312250:390-9526    -            293 4973at7898           -           1107   0.00024   17.3   0.0   2   2   6.1e-06    0.0043   13.1   0.0   135   214   201   289   188   292 0.76 -
NODE_40293_length_8049_cov_35.700503:6219-6851   -            211 4973at7898           -           1107   0.00092   15.4   1.0   1   1   1.7e-06    0.0012   15.0   1.0   264   349   102   199    94   209 0.74 -
NODE_18408_length_11785_cov_200.099778:5889-6611 -            241 4973at7898           -           1107    0.0033   13.5   0.2   1   1   5.2e-06    0.0037   13.4   0.2   258   299    96   137    62   204 0.67 -
#
# Program:         hmmsearch
# Version:         3.1b2 (February 2015)
# Pipeline mode:   SEARCH
# Query file:      /home/e1garcia/shotgun_PIRE/abyss/busco_downloads/lineages/actinopterygii_odb10/hmms/4973at7898.hmm
# Target file:     /home/e1garcia/shotgun_PIRE/pire_ssl_data_processing/plotosus_lineatus/busco_contigs_results-SPAdes_contam_R1R2_noIsolate/run_actinopterygii_odb10/metaeuk_output/initial_results/contigs.modified.fasta.modified.fas
# Option settings: hmmsearch --domtblout /home/e1garcia/shotgun_PIRE/pire_ssl_data_processing/plotosus_lineatus/busco_contigs_results-SPAdes_contam_R1R2_noIsolate/run_actinopterygii_odb10/hmmer_output/initial_run_results/4973at7898.out --cpu 1 /home/e1garcia/shotgun_PIRE/abyss/busco_downloads/lineages/actinopterygii_odb10/hmms/4973at7898.hmm /home/e1garcia/shotgun_PIRE/pire_ssl_data_processing/plotosus_lineatus/busco_contigs_results-SPAdes_contam_R1R2_noIsolate/run_actinopterygii_odb10/metaeuk_output/initial_results/contigs.modified.fasta.modified.fas 
# Current dir:     /home/e1garcia/shotgun_PIRE/pire_ssl_data_processing/plotosus_lineatus
# Date:            Fri Aug 20 13:22:16 2021
# [ok]
