#                                                                                                        --- full sequence --- -------------- this domain -------------   hmm coord   ali coord   env coord
# target name                                    accession   tlen query name           accession   qlen   E-value  score  bias   #  of  c-Evalue  i-Evalue  score  bias  from    to  from    to  from    to  acc description of target
#                            ------------------- ---------- ----- -------------------- ---------- ----- --------- ------ ----- --- --- --------- --------- ------ ----- ----- ----- ----- ----- ----- ----- ---- ---------------------
NODE_27424_length_9854_cov_41.312250:390-9526    -            293 67122at7898          -            321  2.3e-141  469.0   6.3   1   2   4.1e-75   5.3e-72  241.1   1.0     1   146     1   161     1   169 0.87 -
NODE_27424_length_9854_cov_41.312250:390-9526    -            293 67122at7898          -            321  2.3e-141  469.0   6.3   2   2   6.7e-71   8.5e-68  227.2   0.4   142   254   181   293   163   293 0.95 -
NODE_40514_length_8024_cov_39.034322:4248-7161   -            230 67122at7898          -            321   5.8e-15   53.6   0.0   1   1   7.3e-18   9.3e-15   53.0   0.0   145   244   120   224   111   228 0.82 -
NODE_69307_length_5563_cov_36.323755:1135-3857   -            298 67122at7898          -            321   1.2e-07   29.6   1.4   1   2     0.053        68    0.8   0.0   222   254    10    42     4    83 0.66 -
NODE_69307_length_5563_cov_36.323755:1135-3857   -            298 67122at7898          -            321   1.2e-07   29.6   1.4   2   2   4.9e-09   6.3e-06   24.0   1.2   147   244   182   296   173   298 0.67 -
NODE_11494_length_14064_cov_41.170426:2708-8975  -            285 67122at7898          -            321    0.0003   18.4   0.2   1   1   3.5e-07   0.00045   17.9   0.2   146   254    47   158    31   166 0.82 -
NODE_2967_length_20853_cov_44.198660:17581-18180 -            200 67122at7898          -            321     0.028   11.9   0.2   1   3     0.007       8.9    3.7   0.0   264   301    15    52     4    71 0.84 -
NODE_2967_length_20853_cov_44.198660:17581-18180 -            200 67122at7898          -            321     0.028   11.9   0.2   2   3    0.0073       9.3    3.7   0.0   247   302    52   109    49   119 0.80 -
NODE_2967_length_20853_cov_44.198660:17581-18180 -            200 67122at7898          -            321     0.028   11.9   0.2   3   3     0.016        20    2.6   0.0   265   301   128   164   109   176 0.86 -
#
# Program:         hmmsearch
# Version:         3.1b2 (February 2015)
# Pipeline mode:   SEARCH
# Query file:      /home/e1garcia/shotgun_PIRE/abyss/busco_downloads/lineages/actinopterygii_odb10/hmms/67122at7898.hmm
# Target file:     /home/e1garcia/shotgun_PIRE/pire_ssl_data_processing/plotosus_lineatus/busco_contigs_results-SPAdes_contam_R1R2_noIsolate/run_actinopterygii_odb10/metaeuk_output/initial_results/contigs.modified.fasta.modified.fas
# Option settings: hmmsearch --domtblout /home/e1garcia/shotgun_PIRE/pire_ssl_data_processing/plotosus_lineatus/busco_contigs_results-SPAdes_contam_R1R2_noIsolate/run_actinopterygii_odb10/hmmer_output/initial_run_results/67122at7898.out --cpu 1 /home/e1garcia/shotgun_PIRE/abyss/busco_downloads/lineages/actinopterygii_odb10/hmms/67122at7898.hmm /home/e1garcia/shotgun_PIRE/pire_ssl_data_processing/plotosus_lineatus/busco_contigs_results-SPAdes_contam_R1R2_noIsolate/run_actinopterygii_odb10/metaeuk_output/initial_results/contigs.modified.fasta.modified.fas 
# Current dir:     /home/e1garcia/shotgun_PIRE/pire_ssl_data_processing/plotosus_lineatus
# Date:            Fri Aug 20 13:26:51 2021
# [ok]
