#                                                                                                        --- full sequence --- -------------- this domain -------------   hmm coord   ali coord   env coord
# target name                                    accession   tlen query name           accession   qlen   E-value  score  bias   #  of  c-Evalue  i-Evalue  score  bias  from    to  from    to  from    to  acc description of target
#                            ------------------- ---------- ----- -------------------- ---------- ----- --------- ------ ----- --- --- --------- --------- ------ ----- ----- ----- ----- ----- ----- ----- ---- ---------------------
NODE_37289_length_8408_cov_32.860513:3679-6609   -            306 95360at7898          -            345  9.2e-151  500.0   8.6   1   3   1.4e-81   1.8e-78  262.2   0.7    88   203     2   117     1   124 0.98 -
NODE_37289_length_8408_cov_32.860513:3679-6609   -            306 95360at7898          -            345  9.2e-151  500.0   8.6   2   3   2.2e-75   2.8e-72  241.9   0.0   193   323   136   266   126   280 0.95 -
NODE_37289_length_8408_cov_32.860513:3679-6609   -            306 95360at7898          -            345  9.2e-151  500.0   8.6   3   3      0.14   1.8e+02   -0.8   0.9   320   337   289   306   273   306 0.67 -
NODE_43903_length_7651_cov_34.015890:788-2306    -            262 95360at7898          -            345   1.1e-23   82.1   0.0   1   2   1.3e-19   1.6e-16   58.5   0.0    46   232    32   212    20   213 0.85 -
NODE_43903_length_7651_cov_34.015890:788-2306    -            262 95360at7898          -            345   1.1e-23   82.1   0.0   2   2   9.7e-09   1.2e-05   22.7   0.0   204   254   211   262   205   262 0.87 -
NODE_61598_length_6093_cov_49.464798:151-5538    -            372 95360at7898          -            345   4.5e-13   47.2   0.0   1   2   1.5e-06     0.002   15.5   0.0    24   100    27   105     6   111 0.66 -
NODE_61598_length_6093_cov_49.464798:151-5538    -            372 95360at7898          -            345   4.5e-13   47.2   0.0   2   2   8.5e-11   1.1e-07   29.5   0.0   141   260   120   250   112   269 0.75 -
NODE_10508_length_14490_cov_28.225349:1408-10101 -            317 95360at7898          -            345     2e-10   38.5   0.0   1   1   3.4e-13   4.4e-10   37.4   0.0   135   275    26   177    22   205 0.74 -
NODE_9_length_99323_cov_4.279801:66304-66873     -            190 95360at7898          -            345   6.7e-09   33.5   0.0   1   1   2.4e-11   3.1e-08   31.3   0.0    70   262     1   179     1   189 0.79 -
#
# Program:         hmmsearch
# Version:         3.1b2 (February 2015)
# Pipeline mode:   SEARCH
# Query file:      /home/e1garcia/shotgun_PIRE/abyss/busco_downloads/lineages/actinopterygii_odb10/hmms/95360at7898.hmm
# Target file:     /home/e1garcia/shotgun_PIRE/pire_ssl_data_processing/plotosus_lineatus/busco_contigs_results-SPAdes_contam_R1R2_noIsolate/run_actinopterygii_odb10/metaeuk_output/initial_results/contigs.modified.fasta.modified.fas
# Option settings: hmmsearch --domtblout /home/e1garcia/shotgun_PIRE/pire_ssl_data_processing/plotosus_lineatus/busco_contigs_results-SPAdes_contam_R1R2_noIsolate/run_actinopterygii_odb10/hmmer_output/initial_run_results/95360at7898.out --cpu 1 /home/e1garcia/shotgun_PIRE/abyss/busco_downloads/lineages/actinopterygii_odb10/hmms/95360at7898.hmm /home/e1garcia/shotgun_PIRE/pire_ssl_data_processing/plotosus_lineatus/busco_contigs_results-SPAdes_contam_R1R2_noIsolate/run_actinopterygii_odb10/metaeuk_output/initial_results/contigs.modified.fasta.modified.fas 
# Current dir:     /home/e1garcia/shotgun_PIRE/pire_ssl_data_processing/plotosus_lineatus
# Date:            Fri Aug 20 13:33:56 2021
# [ok]
