#                                                                                                        --- full sequence --- -------------- this domain -------------   hmm coord   ali coord   env coord
# target name                                    accession   tlen query name           accession   qlen   E-value  score  bias   #  of  c-Evalue  i-Evalue  score  bias  from    to  from    to  from    to  acc description of target
#                            ------------------- ---------- ----- -------------------- ---------- ----- --------- ------ ----- --- --- --------- --------- ------ ----- ----- ----- ----- ----- ----- ----- ---- ---------------------
NODE_12764_length_13558_cov_35.455903:3873-4070  -             66 98371at7898          -            223   1.1e-08   33.4   0.1   1   1   1.6e-11   1.1e-08   33.4   0.1    35    94     3    64     1    66 0.90 -
NODE_413_length_31540_cov_62.581884:24055-24267  -             71 98371at7898          -            223   2.8e-08   32.1   0.0   1   1   4.2e-11     3e-08   32.0   0.0    35    92     3    62     1    69 0.85 -
NODE_12415_length_13693_cov_35.188098:8358-11782 -            123 98371at7898          -            223   1.3e-07   29.8   0.1   1   1   2.2e-10   1.6e-07   29.6   0.1    47   120     7    83     3   101 0.86 -
NODE_550_length_29876_cov_40.601605:12390-19609  -             99 98371at7898          -            223   2.5e-05   22.4   0.1   1   1   4.2e-08     3e-05   22.2   0.1    49   117     5    72     2    78 0.81 -
NODE_101406_length_3911_cov_37.964323:3194-3373  -             60 98371at7898          -            223   7.6e-05   20.8   0.1   1   1   1.1e-07   8.1e-05   20.7   0.1    53   104     5    56     1    59 0.77 -
NODE_68529_length_5615_cov_39.359500:766-945     -             60 98371at7898          -            223     9e-05   20.6   0.1   1   1   1.3e-07   9.5e-05   20.5   0.1    53   104     5    56     1    59 0.77 -
NODE_73823_length_5282_cov_33.392437:2857-3219   -            121 98371at7898          -            223   0.00094   17.3   0.0   1   1   1.5e-06    0.0011   17.1   0.0    41    78     4    41     1    73 0.79 -
NODE_64281_length_5899_cov_68.163103:1726-2088   -            121 98371at7898          -            223   0.00096   17.2   0.0   1   1   1.5e-06    0.0011   17.1   0.0    41    78     4    41     1    73 0.80 -
NODE_138275_length_2640_cov_21.931129:1033-1362  -            110 98371at7898          -            223     0.017   13.2   0.0   1   1     3e-05     0.021   12.8   0.0    27    66    53    92    36    97 0.88 -
#
# Program:         hmmsearch
# Version:         3.1b2 (February 2015)
# Pipeline mode:   SEARCH
# Query file:      /home/e1garcia/shotgun_PIRE/abyss/busco_downloads/lineages/actinopterygii_odb10/hmms/98371at7898.hmm
# Target file:     /home/e1garcia/shotgun_PIRE/pire_ssl_data_processing/plotosus_lineatus/busco_contigs_results-SPAdes_contam_R1R2_noIsolate/run_actinopterygii_odb10/metaeuk_output/initial_results/contigs.modified.fasta.modified.fas
# Option settings: hmmsearch --domtblout /home/e1garcia/shotgun_PIRE/pire_ssl_data_processing/plotosus_lineatus/busco_contigs_results-SPAdes_contam_R1R2_noIsolate/run_actinopterygii_odb10/hmmer_output/initial_run_results/98371at7898.out --cpu 1 /home/e1garcia/shotgun_PIRE/abyss/busco_downloads/lineages/actinopterygii_odb10/hmms/98371at7898.hmm /home/e1garcia/shotgun_PIRE/pire_ssl_data_processing/plotosus_lineatus/busco_contigs_results-SPAdes_contam_R1R2_noIsolate/run_actinopterygii_odb10/metaeuk_output/initial_results/contigs.modified.fasta.modified.fas 
# Current dir:     /home/e1garcia/shotgun_PIRE/pire_ssl_data_processing/plotosus_lineatus
# Date:            Fri Aug 20 13:34:39 2021
# [ok]
