#                                                                                                       --- full sequence --- -------------- this domain -------------   hmm coord   ali coord   env coord
# target name                                   accession   tlen query name           accession   qlen   E-value  score  bias   #  of  c-Evalue  i-Evalue  score  bias  from    to  from    to  from    to  acc description of target
#                           ------------------- ---------- ----- -------------------- ---------- ----- --------- ------ ----- --- --- --------- --------- ------ ----- ----- ----- ----- ----- ----- ----- ---- ---------------------
NODE_281_length_34781_cov_43.445563:12564-30033 -            777 23603at7898          -            689  6.2e-166  552.4  73.4   1   2   2.6e-10   5.6e-07   27.1   0.0   121   159     9    54     3    75 0.79 -
NODE_281_length_34781_cov_43.445563:12564-30033 -            777 23603at7898          -            689  6.2e-166  552.4  73.4   2   2  5.2e-155  1.1e-151  505.4  72.4   163   689    83   777    70   777 0.74 -
NODE_112_length_41290_cov_64.688743:12253-39703 -           1014 23603at7898          -            689   1.3e-10   39.2   6.3   1   6   5.9e-14   1.3e-10   39.2   6.3    29    94     5    70     2    90 0.84 -
NODE_112_length_41290_cov_64.688743:12253-39703 -           1014 23603at7898          -            689   1.3e-10   39.2   6.3   2   6      0.17   3.7e+02   -2.1   5.1   155   311   184   350   174   359 0.57 -
NODE_112_length_41290_cov_64.688743:12253-39703 -           1014 23603at7898          -            689   1.3e-10   39.2   6.3   3   6         3   6.4e+03   -8.3  21.2   278   337   339   399   319   428 0.58 -
NODE_112_length_41290_cov_64.688743:12253-39703 -           1014 23603at7898          -            689   1.3e-10   39.2   6.3   4   6      0.28     6e+02   -2.8   1.6   376   628   512   549   494   593 0.52 -
NODE_112_length_41290_cov_64.688743:12253-39703 -           1014 23603at7898          -            689   1.3e-10   39.2   6.3   5   6   0.00045      0.97    6.5  16.0   431   505   611   684   588   716 0.60 -
NODE_112_length_41290_cov_64.688743:12253-39703 -           1014 23603at7898          -            689   1.3e-10   39.2   6.3   6   6   0.00094         2    5.4  19.9   431   688   757  1014   731  1014 0.59 -
NODE_25472_length_10374_cov_35.766715:4198-5748 -            517 23603at7898          -            689   3.1e-10   37.8  26.3   1   2   6.1e-10   1.3e-06   25.9   1.7   175   292   118   244    94   262 0.71 -
NODE_25472_length_10374_cov_35.766715:4198-5748 -            517 23603at7898          -            689   3.1e-10   37.8  26.3   2   2   3.4e-07   0.00073   16.8  17.5   289   442   312   461   251   475 0.77 -
#
# Program:         hmmsearch
# Version:         3.1b2 (February 2015)
# Pipeline mode:   SEARCH
# Query file:      /home/e1garcia/shotgun_PIRE/abyss/busco_downloads/lineages/actinopterygii_odb10/hmms/23603at7898.hmm
# Target file:     /home/e1garcia/shotgun_PIRE/pire_ssl_data_processing/plotosus_lineatus/busco_scaffolds_results-SPAdes_contam_R1R2_noIsolate/run_actinopterygii_odb10/metaeuk_output/initial_results/scaffolds.modified.fasta.modified.fas
# Option settings: hmmsearch --domtblout /home/e1garcia/shotgun_PIRE/pire_ssl_data_processing/plotosus_lineatus/busco_scaffolds_results-SPAdes_contam_R1R2_noIsolate/run_actinopterygii_odb10/hmmer_output/initial_run_results/23603at7898.out --cpu 1 /home/e1garcia/shotgun_PIRE/abyss/busco_downloads/lineages/actinopterygii_odb10/hmms/23603at7898.hmm /home/e1garcia/shotgun_PIRE/pire_ssl_data_processing/plotosus_lineatus/busco_scaffolds_results-SPAdes_contam_R1R2_noIsolate/run_actinopterygii_odb10/metaeuk_output/initial_results/scaffolds.modified.fasta.modified.fas 
# Current dir:     /home/e1garcia/shotgun_PIRE/pire_ssl_data_processing/plotosus_lineatus
# Date:            Fri Aug 20 13:17:49 2021
# [ok]
