#                                                                                                       --- full sequence --- -------------- this domain -------------   hmm coord   ali coord   env coord
# target name                                   accession   tlen query name           accession   qlen   E-value  score  bias   #  of  c-Evalue  i-Evalue  score  bias  from    to  from    to  from    to  acc description of target
#                           ------------------- ---------- ----- -------------------- ---------- ----- --------- ------ ----- --- --- --------- --------- ------ ----- ----- ----- ----- ----- ----- ----- ---- ---------------------
NODE_13069_length_13712_cov_33.802762:134-11215 -            488 26199at7898          -            626  1.2e-188  627.0   8.2   1   2   1.8e-09   2.4e-06   24.8   0.1     8    43    18    53    14    55 0.91 -
NODE_13069_length_13712_cov_33.802762:134-11215 -            488 26199at7898          -            626  1.2e-188  627.0   8.2   2   2  1.3e-183  1.7e-180  600.1   4.0    61   515    49   486    46   488 0.95 -
NODE_3311_length_20839_cov_33.313790:2769-18753 -            564 26199at7898          -            626  9.2e-188  624.1   3.0   1   1    2e-188  2.6e-185  616.0   3.0   135   602    41   488     9   493 0.94 -
NODE_5381_length_18217_cov_33.856662:1437-14252 -            535 26199at7898          -            626  4.7e-161  535.8  11.2   1   2  2.2e-115  2.8e-112  374.7   2.3    67   401     6   325     3   326 0.96 -
NODE_5381_length_18217_cov_33.856662:1437-14252 -            535 26199at7898          -            626  4.7e-161  535.8  11.2   2   2   3.4e-52   4.3e-49  166.0   2.0   435   598   325   481   324   491 0.94 -
NODE_3184_length_21051_cov_32.044912:3220-15548 -            438 26199at7898          -            626  1.6e-142  474.7  10.1   1   2  3.8e-107  4.9e-104  347.5   1.2    68   401     3   326     1   327 0.94 -
NODE_3184_length_21051_cov_32.044912:3220-15548 -            438 26199at7898          -            626  1.6e-142  474.7  10.1   2   2   4.7e-42     6e-39  132.5   2.3   435   554   326   438   325   438 0.93 -
NODE_18536_length_11970_cov_90.982563:1062-1595 -            178 26199at7898          -            626   0.00041   17.4   0.0   1   2   4.9e-05     0.063   10.2   0.0   534   599    15    84     5    97 0.73 -
NODE_18536_length_11970_cov_90.982563:1062-1595 -            178 26199at7898          -            626   0.00041   17.4   0.0   2   2    0.0012       1.5    5.6   0.0   528   583   106   163    89   174 0.77 -
#
# Program:         hmmsearch
# Version:         3.1b2 (February 2015)
# Pipeline mode:   SEARCH
# Query file:      /home/e1garcia/shotgun_PIRE/abyss/busco_downloads/lineages/actinopterygii_odb10/hmms/26199at7898.hmm
# Target file:     /home/e1garcia/shotgun_PIRE/pire_ssl_data_processing/plotosus_lineatus/busco_scaffolds_results-SPAdes_contam_R1R2_noIsolate/run_actinopterygii_odb10/metaeuk_output/initial_results/scaffolds.modified.fasta.modified.fas
# Option settings: hmmsearch --domtblout /home/e1garcia/shotgun_PIRE/pire_ssl_data_processing/plotosus_lineatus/busco_scaffolds_results-SPAdes_contam_R1R2_noIsolate/run_actinopterygii_odb10/hmmer_output/initial_run_results/26199at7898.out --cpu 1 /home/e1garcia/shotgun_PIRE/abyss/busco_downloads/lineages/actinopterygii_odb10/hmms/26199at7898.hmm /home/e1garcia/shotgun_PIRE/pire_ssl_data_processing/plotosus_lineatus/busco_scaffolds_results-SPAdes_contam_R1R2_noIsolate/run_actinopterygii_odb10/metaeuk_output/initial_results/scaffolds.modified.fasta.modified.fas 
# Current dir:     /home/e1garcia/shotgun_PIRE/pire_ssl_data_processing/plotosus_lineatus
# Date:            Fri Aug 20 13:17:40 2021
# [ok]
