#                                                                                                       --- full sequence --- -------------- this domain -------------   hmm coord   ali coord   env coord
# target name                                   accession   tlen query name           accession   qlen   E-value  score  bias   #  of  c-Evalue  i-Evalue  score  bias  from    to  from    to  from    to  acc description of target
#                           ------------------- ---------- ----- -------------------- ---------- ----- --------- ------ ----- --- --- --------- --------- ------ ----- ----- ----- ----- ----- ----- ----- ---- ---------------------
NODE_7796_length_16288_cov_37.243808:1925-15720 -            471 36551at7898          -            527  3.7e-223  740.2   1.0   1   1  1.5e-223    2e-220  731.2   1.0     1   396    13   471    13   471 0.90 -
NODE_3_length_276070_cov_4.893833:220514-222223 -            570 36551at7898          -            527     8e-82  273.8   0.2   1   1   6.6e-84   8.5e-81  270.5   0.2    17   510    35   567    18   570 0.80 -
NODE_3_length_276070_cov_4.893833:239219-240208 -            330 36551at7898          -            527   3.4e-12   44.1   0.1   1   1   6.5e-15   8.3e-12   42.8   0.1    30   277    24   278    11   329 0.74 -
NODE_3866_length_20017_cov_33.707099:3096-18810 -            551 36551at7898          -            527   1.2e-05   22.5   0.1   1   2   4.3e-07   0.00056   17.0   0.0    86   165    72   153     7   173 0.71 -
NODE_3866_length_20017_cov_33.707099:3096-18810 -            551 36551at7898          -            527   1.2e-05   22.5   0.1   2   2    0.0054       6.9    3.5   0.0   323   407   335   415   309   440 0.75 -
NODE_10493_length_14833_cov_58.534614:2549-4183 -            545 36551at7898          -            527   2.5e-05   21.4   0.9   1   5   3.6e-07   0.00046   17.2   0.0   124   163    57    95    46   128 0.70 -
NODE_10493_length_14833_cov_58.534614:2549-4183 -            545 36551at7898          -            527   2.5e-05   21.4   0.9   2   5     0.075        97   -0.3   0.0   429   496   136   205   118   212 0.79 -
NODE_10493_length_14833_cov_58.534614:2549-4183 -            545 36551at7898          -            527   2.5e-05   21.4   0.9   3   5      0.63   8.1e+02   -3.4   0.0   265   295   277   307   274   326 0.80 -
NODE_10493_length_14833_cov_58.534614:2549-4183 -            545 36551at7898          -            527   2.5e-05   21.4   0.9   4   5     0.094   1.2e+02   -0.6   0.1   104   186   329   416   306   426 0.63 -
NODE_10493_length_14833_cov_58.534614:2549-4183 -            545 36551at7898          -            527   2.5e-05   21.4   0.9   5   5      0.42   5.4e+02   -2.8   0.0   467   487   493   513   459   525 0.68 -
#
# Program:         hmmsearch
# Version:         3.1b2 (February 2015)
# Pipeline mode:   SEARCH
# Query file:      /home/e1garcia/shotgun_PIRE/abyss/busco_downloads/lineages/actinopterygii_odb10/hmms/36551at7898.hmm
# Target file:     /home/e1garcia/shotgun_PIRE/pire_ssl_data_processing/plotosus_lineatus/busco_scaffolds_results-SPAdes_contam_R1R2_noIsolate/run_actinopterygii_odb10/metaeuk_output/initial_results/scaffolds.modified.fasta.modified.fas
# Option settings: hmmsearch --domtblout /home/e1garcia/shotgun_PIRE/pire_ssl_data_processing/plotosus_lineatus/busco_scaffolds_results-SPAdes_contam_R1R2_noIsolate/run_actinopterygii_odb10/hmmer_output/initial_run_results/36551at7898.out --cpu 1 /home/e1garcia/shotgun_PIRE/abyss/busco_downloads/lineages/actinopterygii_odb10/hmms/36551at7898.hmm /home/e1garcia/shotgun_PIRE/pire_ssl_data_processing/plotosus_lineatus/busco_scaffolds_results-SPAdes_contam_R1R2_noIsolate/run_actinopterygii_odb10/metaeuk_output/initial_results/scaffolds.modified.fasta.modified.fas 
# Current dir:     /home/e1garcia/shotgun_PIRE/pire_ssl_data_processing/plotosus_lineatus
# Date:            Fri Aug 20 13:28:55 2021
# [ok]
