#                                                                                                        --- full sequence --- -------------- this domain -------------   hmm coord   ali coord   env coord
# target name                                    accession   tlen query name           accession   qlen   E-value  score  bias   #  of  c-Evalue  i-Evalue  score  bias  from    to  from    to  from    to  acc description of target
#                            ------------------- ---------- ----- -------------------- ---------- ----- --------- ------ ----- --- --- --------- --------- ------ ----- ----- ----- ----- ----- ----- ----- ---- ---------------------
NODE_16236_length_12621_cov_139.174333:7678-9189 -            504 41731at7898          -            504  8.2e-132  439.3  29.7   1   3   1.2e-54   2.6e-51  173.7  18.8     1   179     1   237     1   265 0.78 -
NODE_16236_length_12621_cov_139.174333:7678-9189 -            504 41731at7898          -            504  8.2e-132  439.3  29.7   2   3   4.8e-12     1e-08   33.2   0.5   172   211   274   313   261   326 0.89 -
NODE_16236_length_12621_cov_139.174333:7678-9189 -            504 41731at7898          -            504  8.2e-132  439.3  29.7   3   3   1.1e-73   2.3e-70  236.6   0.1   205   349   352   504   343   504 0.95 -
NODE_24654_length_10537_cov_27.366833:4131-9643  -            567 41731at7898          -            504   3.1e-70  236.1  15.1   1   3   1.3e-32   2.8e-29  101.0   8.6    11   183    17   227    10   272 0.69 -
NODE_24654_length_10537_cov_27.366833:4131-9643  -            567 41731at7898          -            504   3.1e-70  236.1  15.1   2   3   0.00018      0.39    8.2   0.0   177   205   302   330   293   339 0.87 -
NODE_24654_length_10537_cov_27.366833:4131-9643  -            567 41731at7898          -            504   3.1e-70  236.1  15.1   3   3     4e-41   8.7e-38  129.1   0.4   208   385   381   566   369   567 0.85 -
NODE_4322_length_19420_cov_25.163190:5236-10796  -            576 41731at7898          -            504   2.6e-62  210.0  23.4   1   3   2.8e-24   5.9e-21   73.6  15.1    23   175    12   213     1   219 0.66 -
NODE_4322_length_19420_cov_25.163190:5236-10796  -            576 41731at7898          -            504   2.6e-62  210.0  23.4   2   3   9.4e-05       0.2    9.1   0.0   177   204   305   332   299   336 0.88 -
NODE_4322_length_19420_cov_25.163190:5236-10796  -            576 41731at7898          -            504   2.6e-62  210.0  23.4   3   3   9.5e-40     2e-36  124.6   0.3   212   385   388   575   372   576 0.78 -
#
# Program:         hmmsearch
# Version:         3.1b2 (February 2015)
# Pipeline mode:   SEARCH
# Query file:      /home/e1garcia/shotgun_PIRE/abyss/busco_downloads/lineages/actinopterygii_odb10/hmms/41731at7898.hmm
# Target file:     /home/e1garcia/shotgun_PIRE/pire_ssl_data_processing/plotosus_lineatus/busco_scaffolds_results-SPAdes_contam_R1R2_noIsolate/run_actinopterygii_odb10/metaeuk_output/initial_results/scaffolds.modified.fasta.modified.fas
# Option settings: hmmsearch --domtblout /home/e1garcia/shotgun_PIRE/pire_ssl_data_processing/plotosus_lineatus/busco_scaffolds_results-SPAdes_contam_R1R2_noIsolate/run_actinopterygii_odb10/hmmer_output/initial_run_results/41731at7898.out --cpu 1 /home/e1garcia/shotgun_PIRE/abyss/busco_downloads/lineages/actinopterygii_odb10/hmms/41731at7898.hmm /home/e1garcia/shotgun_PIRE/pire_ssl_data_processing/plotosus_lineatus/busco_scaffolds_results-SPAdes_contam_R1R2_noIsolate/run_actinopterygii_odb10/metaeuk_output/initial_results/scaffolds.modified.fasta.modified.fas 
# Current dir:     /home/e1garcia/shotgun_PIRE/pire_ssl_data_processing/plotosus_lineatus
# Date:            Fri Aug 20 13:29:50 2021
# [ok]
