#                                                                                                       --- full sequence --- -------------- this domain -------------   hmm coord   ali coord   env coord
# target name                                   accession   tlen query name           accession   qlen   E-value  score  bias   #  of  c-Evalue  i-Evalue  score  bias  from    to  from    to  from    to  acc description of target
#                           ------------------- ---------- ----- -------------------- ---------- ----- --------- ------ ----- --- --- --------- --------- ------ ----- ----- ----- ----- ----- ----- ----- ---- ---------------------
NODE_10009_length_15063_cov_36.507351:960-10457 -            753 55347at7898          -            560  1.2e-268  890.9  20.8   1   5  2.6e-246  5.6e-243  806.1   0.0     1   425     1   440     1   452 0.94 -
NODE_10009_length_15063_cov_36.507351:960-10457 -            753 55347at7898          -            560  1.2e-268  890.9  20.8   2   5   3.2e-08   6.9e-05   20.1   2.8   400   496   442   548   432   560 0.62 -
NODE_10009_length_15063_cov_36.507351:960-10457 -            753 55347at7898          -            560  1.2e-268  890.9  20.8   3   5     0.075   1.6e+02   -0.9   0.0   456   480   557   581   552   595 0.79 -
NODE_10009_length_15063_cov_36.507351:960-10457 -            753 55347at7898          -            560  1.2e-268  890.9  20.8   4   5   0.00019      0.42    7.6   0.8   473   507   599   635   591   649 0.71 -
NODE_10009_length_15063_cov_36.507351:960-10457 -            753 55347at7898          -            560  1.2e-268  890.9  20.8   5   5   1.7e-22   3.7e-19   67.2   2.0   486   560   663   752   638   752 0.77 -
NODE_5512_length_18100_cov_34.409699:3272-14055 -            356 55347at7898          -            560   4.2e-20   70.3   0.1   1   1     3e-23   6.5e-20   69.7   0.1    58   244    43   228    26   242 0.76 -
NODE_1088_length_26897_cov_40.396895:1802-21439 -           1090 55347at7898          -            560   1.4e-13   48.9   0.2   1   3   1.7e-05     0.037   11.1   0.0     1   105     1   101     1   108 0.78 -
NODE_1088_length_26897_cov_40.396895:1802-21439 -           1090 55347at7898          -            560   1.4e-13   48.9   0.2   2   3      0.54   1.2e+03   -3.7   0.1   456   517   495   558   467   568 0.71 -
NODE_1088_length_26897_cov_40.396895:1802-21439 -           1090 55347at7898          -            560   1.4e-13   48.9   0.2   3   3   1.2e-12   2.5e-09   34.8   0.0   122   238   714   827   699   833 0.89 -
#
# Program:         hmmsearch
# Version:         3.1b2 (February 2015)
# Pipeline mode:   SEARCH
# Query file:      /home/e1garcia/shotgun_PIRE/abyss/busco_downloads/lineages/actinopterygii_odb10/hmms/55347at7898.hmm
# Target file:     /home/e1garcia/shotgun_PIRE/pire_ssl_data_processing/plotosus_lineatus/busco_scaffolds_results-SPAdes_contam_R1R2_noIsolate/run_actinopterygii_odb10/metaeuk_output/initial_results/scaffolds.modified.fasta.modified.fas
# Option settings: hmmsearch --domtblout /home/e1garcia/shotgun_PIRE/pire_ssl_data_processing/plotosus_lineatus/busco_scaffolds_results-SPAdes_contam_R1R2_noIsolate/run_actinopterygii_odb10/hmmer_output/initial_run_results/55347at7898.out --cpu 1 /home/e1garcia/shotgun_PIRE/abyss/busco_downloads/lineages/actinopterygii_odb10/hmms/55347at7898.hmm /home/e1garcia/shotgun_PIRE/pire_ssl_data_processing/plotosus_lineatus/busco_scaffolds_results-SPAdes_contam_R1R2_noIsolate/run_actinopterygii_odb10/metaeuk_output/initial_results/scaffolds.modified.fasta.modified.fas 
# Current dir:     /home/e1garcia/shotgun_PIRE/pire_ssl_data_processing/plotosus_lineatus
# Date:            Fri Aug 20 13:25:26 2021
# [ok]
