#                                                                                                        --- full sequence --- -------------- this domain -------------   hmm coord   ali coord   env coord
# target name                                    accession   tlen query name           accession   qlen   E-value  score  bias   #  of  c-Evalue  i-Evalue  score  bias  from    to  from    to  from    to  acc description of target
#                            ------------------- ---------- ----- -------------------- ---------- ----- --------- ------ ----- --- --- --------- --------- ------ ----- ----- ----- ----- ----- ----- ----- ---- ---------------------
NODE_41657_length_7990_cov_36.235965:4843-6433   -            210 61487at7898          -            330   2.9e-55  186.0   0.9   1   2   3.1e-47   3.3e-44  149.7   0.2     1   137     1   162     1   164 0.84 -
NODE_41657_length_7990_cov_36.235965:4843-6433   -            210 61487at7898          -            330   2.9e-55  186.0   0.9   2   2   1.1e-12   1.2e-09   36.1   0.0   105   145   161   207   155   210 0.86 -
NODE_3289_length_20867_cov_40.595435:4468-18863  -            278 61487at7898          -            330   4.1e-25   86.9   0.1   1   2    0.0093       9.9    3.5   0.0   129   159     2    32     1    57 0.83 -
NODE_3289_length_20867_cov_40.595435:4468-18863  -            278 61487at7898          -            330   4.1e-25   86.9   0.1   2   2   2.1e-26   2.3e-23   81.2   0.0   228   323   130   226   116   244 0.93 -
NODE_1_length_1070312_cov_4.967607:202160-202831 -            224 61487at7898          -            330   5.2e-23   80.0   0.0   1   1     6e-26   6.4e-23   79.7   0.0   122   330     5   224     2   224 0.84 -
NODE_10046_length_15045_cov_68.256992:2633-10928 -            323 61487at7898          -            330   2.4e-18   64.7   0.0   1   2    0.0021       2.2    5.7   0.0   127   165    33    71     5    96 0.81 -
NODE_10046_length_15045_cov_68.256992:2633-10928 -            323 61487at7898          -            330   2.4e-18   64.7   0.0   2   2   5.2e-19   5.6e-16   56.9   0.0   231   327   160   251   124   254 0.76 -
NODE_40234_length_8150_cov_44.268290:271-5646    -            360 61487at7898          -            330    0.0028   15.2   0.0   1   2    0.0022       2.3    5.6   0.0   123   152    20    50     3    56 0.79 -
NODE_40234_length_8150_cov_44.268290:271-5646    -            360 61487at7898          -            330    0.0028   15.2   0.0   2   2   0.00057      0.61    7.5   0.0   300   329   213   242   197   243 0.87 -
NODE_8_length_108099_cov_5.136676:58695-59747    -            351 61487at7898          -            330     0.025   12.1   0.0   1   1   3.6e-05     0.039   11.4   0.0   248   294   111   157   103   169 0.93 -
#
# Program:         hmmsearch
# Version:         3.1b2 (February 2015)
# Pipeline mode:   SEARCH
# Query file:      /home/e1garcia/shotgun_PIRE/abyss/busco_downloads/lineages/actinopterygii_odb10/hmms/61487at7898.hmm
# Target file:     /home/e1garcia/shotgun_PIRE/pire_ssl_data_processing/plotosus_lineatus/busco_scaffolds_results-SPAdes_contam_R1R2_noIsolate/run_actinopterygii_odb10/metaeuk_output/initial_results/scaffolds.modified.fasta.modified.fas
# Option settings: hmmsearch --domtblout /home/e1garcia/shotgun_PIRE/pire_ssl_data_processing/plotosus_lineatus/busco_scaffolds_results-SPAdes_contam_R1R2_noIsolate/run_actinopterygii_odb10/hmmer_output/initial_run_results/61487at7898.out --cpu 1 /home/e1garcia/shotgun_PIRE/abyss/busco_downloads/lineages/actinopterygii_odb10/hmms/61487at7898.hmm /home/e1garcia/shotgun_PIRE/pire_ssl_data_processing/plotosus_lineatus/busco_scaffolds_results-SPAdes_contam_R1R2_noIsolate/run_actinopterygii_odb10/metaeuk_output/initial_results/scaffolds.modified.fasta.modified.fas 
# Current dir:     /home/e1garcia/shotgun_PIRE/pire_ssl_data_processing/plotosus_lineatus
# Date:            Fri Aug 20 13:37:42 2021
# [ok]
