#                                                                                                        --- full sequence --- -------------- this domain -------------   hmm coord   ali coord   env coord
# target name                                    accession   tlen query name           accession   qlen   E-value  score  bias   #  of  c-Evalue  i-Evalue  score  bias  from    to  from    to  from    to  acc description of target
#                            ------------------- ---------- ----- -------------------- ---------- ----- --------- ------ ----- --- --- --------- --------- ------ ----- ----- ----- ----- ----- ----- ----- ---- ---------------------
NODE_9705_length_15219_cov_45.688558:10000-14766 -            315 70822at7898          -            349   2.2e-98  328.3  25.7   1   2   6.6e-05      0.11   10.4   0.1     1    24     1    27     1    38 0.81 -
NODE_9705_length_15219_cov_45.688558:10000-14766 -            315 70822at7898          -            349   2.2e-98  328.3  25.7   2   2   6.3e-99     1e-95  319.6  22.2    29   259    55   315    41   315 0.89 -
NODE_35296_length_8776_cov_32.390458:2752-4197   -            449 70822at7898          -            349   2.8e-75  252.4  13.2   1   2   9.7e-72   1.6e-68  230.2  15.0    26   296    55   354    47   359 0.90 -
NODE_35296_length_8776_cov_32.390458:2752-4197   -            449 70822at7898          -            349   2.8e-75  252.4  13.2   2   2   2.5e-07   0.00041   18.3   0.0   295   345   396   449   385   449 0.88 -
NODE_2574_length_22150_cov_33.682282:7907-11822  -            210 70822at7898          -            349   7.4e-45  152.3  10.0   1   3   2.3e-32   3.7e-29  100.7   4.3    24   125    15   125    12   127 0.87 -
NODE_2574_length_22150_cov_33.682282:7907-11822  -            210 70822at7898          -            349   7.4e-45  152.3  10.0   2   3   7.1e-17   1.1e-13   49.8   0.0   164   218   124   184   122   190 0.87 -
NODE_2574_length_22150_cov_33.682282:7907-11822  -            210 70822at7898          -            349   7.4e-45  152.3  10.0   3   3     0.001       1.7    6.5   0.1   261   285   186   210   183   210 0.85 -
NODE_56696_length_6523_cov_27.141034:4146-5454   -            256 70822at7898          -            349   6.7e-44  149.2  12.6   1   3   1.5e-18   2.4e-15   55.3   3.0    27    72     1    46     1    51 0.96 -
NODE_56696_length_6523_cov_27.141034:4146-5454   -            256 70822at7898          -            349   6.7e-44  149.2  12.6   2   3   9.5e-06     0.015   13.2   0.0   130   168    83   128    61   139 0.67 -
NODE_56696_length_6523_cov_27.141034:4146-5454   -            256 70822at7898          -            349   6.7e-44  149.2  12.6   3   3   7.3e-28   1.2e-24   85.9   1.2   154   255   141   253   131   256 0.83 -
#
# Program:         hmmsearch
# Version:         3.1b2 (February 2015)
# Pipeline mode:   SEARCH
# Query file:      /home/e1garcia/shotgun_PIRE/abyss/busco_downloads/lineages/actinopterygii_odb10/hmms/70822at7898.hmm
# Target file:     /home/e1garcia/shotgun_PIRE/pire_ssl_data_processing/plotosus_lineatus/busco_scaffolds_results-SPAdes_contam_R1R2_noIsolate/run_actinopterygii_odb10/metaeuk_output/initial_results/scaffolds.modified.fasta.modified.fas
# Option settings: hmmsearch --domtblout /home/e1garcia/shotgun_PIRE/pire_ssl_data_processing/plotosus_lineatus/busco_scaffolds_results-SPAdes_contam_R1R2_noIsolate/run_actinopterygii_odb10/hmmer_output/initial_run_results/70822at7898.out --cpu 1 /home/e1garcia/shotgun_PIRE/abyss/busco_downloads/lineages/actinopterygii_odb10/hmms/70822at7898.hmm /home/e1garcia/shotgun_PIRE/pire_ssl_data_processing/plotosus_lineatus/busco_scaffolds_results-SPAdes_contam_R1R2_noIsolate/run_actinopterygii_odb10/metaeuk_output/initial_results/scaffolds.modified.fasta.modified.fas 
# Current dir:     /home/e1garcia/shotgun_PIRE/pire_ssl_data_processing/plotosus_lineatus
# Date:            Fri Aug 20 13:42:00 2021
# [ok]
