#                                                                                                        --- full sequence --- -------------- this domain -------------   hmm coord   ali coord   env coord
# target name                                    accession   tlen query name           accession   qlen   E-value  score  bias   #  of  c-Evalue  i-Evalue  score  bias  from    to  from    to  from    to  acc description of target
#                            ------------------- ---------- ----- -------------------- ---------- ----- --------- ------ ----- --- --- --------- --------- ------ ----- ----- ----- ----- ----- ----- ----- ---- ---------------------
NODE_2831_length_21632_cov_43.597641:13101-20229 -            341 78924at7898          -            312  5.7e-137  454.4  33.7   1   3     1e-31   1.3e-28   98.5   0.0    59   121     1    64     1    77 0.92 -
NODE_2831_length_21632_cov_43.597641:13101-20229 -            341 78924at7898          -            312  5.7e-137  454.4  33.7   2   3   7.8e-25     1e-21   75.9   1.5   120   183    96   173    73   192 0.82 -
NODE_2831_length_21632_cov_43.597641:13101-20229 -            341 78924at7898          -            312  5.7e-137  454.4  33.7   3   3   7.3e-89   9.3e-86  286.2  22.5   178   312   203   341   196   341 0.97 -
NODE_63111_length_6019_cov_36.048818:232-858     -            209 78924at7898          -            312   3.9e-64  215.2  22.5   1   2   1.3e-09   1.7e-06   25.8   0.0   143   174     1    34     1    49 0.85 -
NODE_63111_length_6019_cov_36.048818:232-858     -            209 78924at7898          -            312   3.9e-64  215.2  22.5   2   2   1.4e-59   1.8e-56  190.0  20.2   184   310    81   209    76   209 0.95 -
NODE_114515_length_3371_cov_40.904951:2523-3143  -            207 78924at7898          -            312   3.1e-63  212.2  20.1   1   2     4e-09   5.1e-06   24.3   0.0   148   175     6    33     1    55 0.84 -
NODE_114515_length_3371_cov_40.904951:2523-3143  -            207 78924at7898          -            312   3.1e-63  212.2  20.1   2   2     5e-59   6.4e-56  188.2  18.3   194   312    89   207    56   207 0.93 -
NODE_15266_length_12916_cov_25.876804:2956-11066 -            382 78924at7898          -            312   1.6e-46  157.3  24.5   1   2    0.0087        11    3.4   0.0   147   172   107   133    92   141 0.82 -
NODE_15266_length_12916_cov_25.876804:2956-11066 -            382 78924at7898          -            312   1.6e-46  157.3  24.5   2   2   2.3e-47     3e-44  149.8  26.4   200   311   265   381   258   382 0.92 -
NODE_14090_length_13346_cov_32.932438:1309-1832  -            111 78924at7898          -            312   3.6e-38  129.9   0.0   1   1   3.4e-41   4.4e-38  129.6   0.0    15   114     2   110     1   111 0.89 -
#
# Program:         hmmsearch
# Version:         3.1b2 (February 2015)
# Pipeline mode:   SEARCH
# Query file:      /home/e1garcia/shotgun_PIRE/abyss/busco_downloads/lineages/actinopterygii_odb10/hmms/78924at7898.hmm
# Target file:     /home/e1garcia/shotgun_PIRE/pire_ssl_data_processing/plotosus_lineatus/busco_scaffolds_results-SPAdes_contam_R1R2_noIsolate/run_actinopterygii_odb10/metaeuk_output/initial_results/scaffolds.modified.fasta.modified.fas
# Option settings: hmmsearch --domtblout /home/e1garcia/shotgun_PIRE/pire_ssl_data_processing/plotosus_lineatus/busco_scaffolds_results-SPAdes_contam_R1R2_noIsolate/run_actinopterygii_odb10/hmmer_output/initial_run_results/78924at7898.out --cpu 1 /home/e1garcia/shotgun_PIRE/abyss/busco_downloads/lineages/actinopterygii_odb10/hmms/78924at7898.hmm /home/e1garcia/shotgun_PIRE/pire_ssl_data_processing/plotosus_lineatus/busco_scaffolds_results-SPAdes_contam_R1R2_noIsolate/run_actinopterygii_odb10/metaeuk_output/initial_results/scaffolds.modified.fasta.modified.fas 
# Current dir:     /home/e1garcia/shotgun_PIRE/pire_ssl_data_processing/plotosus_lineatus
# Date:            Fri Aug 20 13:39:35 2021
# [ok]
