#                                                                                                        --- full sequence --- -------------- this domain -------------   hmm coord   ali coord   env coord
# target name                                    accession   tlen query name           accession   qlen   E-value  score  bias   #  of  c-Evalue  i-Evalue  score  bias  from    to  from    to  from    to  acc description of target
#                            ------------------- ---------- ----- -------------------- ---------- ----- --------- ------ ----- --- --- --------- --------- ------ ----- ----- ----- ----- ----- ----- ----- ---- ---------------------
NODE_21605_length_11190_cov_102.887566:539-8211  -            472 88955at7898          -            288   2.6e-63  212.8   3.2   1   4   2.8e-20   4.5e-17   61.0   0.0     3   138     5   142     3   147 0.85 -
NODE_21605_length_11190_cov_102.887566:539-8211  -            472 88955at7898          -            288   2.6e-63  212.8   3.2   2   4   8.6e-14   1.4e-10   39.7   0.0     5    98   123   211   120   224 0.91 -
NODE_21605_length_11190_cov_102.887566:539-8211  -            472 88955at7898          -            288   2.6e-63  212.8   3.2   3   4   5.9e-21   9.5e-18   63.2   0.0     2    93   223   314   220   321 0.97 -
NODE_21605_length_11190_cov_102.887566:539-8211  -            472 88955at7898          -            288   2.6e-63  212.8   3.2   4   4   5.1e-20   8.2e-17   60.2   0.0     2    94   355   447   354   454 0.94 -
NODE_9948_length_15091_cov_36.633738:1448-12924  -            268 88955at7898          -            288   2.7e-08   32.2   0.0   1   2   5.3e-11   8.5e-08   30.6   0.0    24    94   101   172    78   179 0.82 -
NODE_9948_length_15091_cov_36.633738:1448-12924  -            268 88955at7898          -            288   2.7e-08   32.2   0.0   2   2       0.2   3.2e+02   -0.9   0.0    30   170   188   213   167   239 0.67 -
NODE_17925_length_12133_cov_39.853249:3795-11696 -            435 88955at7898          -            288   6.8e-06   24.3   0.0   1   2      0.63     1e+03   -2.5   0.0   119   138   109   130    91   138 0.66 -
NODE_17925_length_12133_cov_39.853249:3795-11696 -            435 88955at7898          -            288   6.8e-06   24.3   0.0   2   2   1.2e-08   1.9e-05   22.9   0.0    16    76   357   420   347   430 0.79 -
NODE_4970_length_18603_cov_34.336792:2597-17604  -            686 88955at7898          -            288    0.0012   17.0   0.1   1   2     0.017        27    2.7   0.0    14    74    23    89    12   107 0.57 -
NODE_4970_length_18603_cov_34.336792:2597-17604  -            686 88955at7898          -            288    0.0012   17.0   0.1   2   2   2.9e-05     0.047   11.7   0.0    26    59   551   584   533   619 0.82 -
#
# Program:         hmmsearch
# Version:         3.1b2 (February 2015)
# Pipeline mode:   SEARCH
# Query file:      /home/e1garcia/shotgun_PIRE/abyss/busco_downloads/lineages/actinopterygii_odb10/hmms/88955at7898.hmm
# Target file:     /home/e1garcia/shotgun_PIRE/pire_ssl_data_processing/plotosus_lineatus/busco_scaffolds_results-SPAdes_contam_R1R2_noIsolate/run_actinopterygii_odb10/metaeuk_output/initial_results/scaffolds.modified.fasta.modified.fas
# Option settings: hmmsearch --domtblout /home/e1garcia/shotgun_PIRE/pire_ssl_data_processing/plotosus_lineatus/busco_scaffolds_results-SPAdes_contam_R1R2_noIsolate/run_actinopterygii_odb10/hmmer_output/initial_run_results/88955at7898.out --cpu 1 /home/e1garcia/shotgun_PIRE/abyss/busco_downloads/lineages/actinopterygii_odb10/hmms/88955at7898.hmm /home/e1garcia/shotgun_PIRE/pire_ssl_data_processing/plotosus_lineatus/busco_scaffolds_results-SPAdes_contam_R1R2_noIsolate/run_actinopterygii_odb10/metaeuk_output/initial_results/scaffolds.modified.fasta.modified.fas 
# Current dir:     /home/e1garcia/shotgun_PIRE/pire_ssl_data_processing/plotosus_lineatus
# Date:            Fri Aug 20 13:41:15 2021
# [ok]
