#                                                                                                        --- full sequence --- -------------- this domain -------------   hmm coord   ali coord   env coord
# target name                                    accession   tlen query name           accession   qlen   E-value  score  bias   #  of  c-Evalue  i-Evalue  score  bias  from    to  from    to  from    to  acc description of target
#                            ------------------- ---------- ----- -------------------- ---------- ----- --------- ------ ----- --- --- --------- --------- ------ ----- ----- ----- ----- ----- ----- ----- ---- ---------------------
NODE_1134_length_26690_cov_46.482043:3679-12432  -            425 95360at7898          -            345  1.1e-177  588.5   4.1   1   3  1.3e-107  1.7e-104  347.9   0.1     4   203    23   236    19   242 0.86 -
NODE_1134_length_26690_cov_46.482043:3679-12432  -            425 95360at7898          -            345  1.1e-177  588.5   4.1   2   3     4e-75   5.1e-72  241.0   0.0   192   324   254   386   242   400 0.94 -
NODE_1134_length_26690_cov_46.482043:3679-12432  -            425 95360at7898          -            345  1.1e-177  588.5   4.1   3   3      0.18   2.3e+02   -1.2   0.6   320   337   408   425   393   425 0.67 -
NODE_44698_length_7651_cov_34.015890:788-2306    -            262 95360at7898          -            345   1.1e-23   82.1   0.0   1   2   1.3e-19   1.7e-16   58.5   0.0    46   232    32   212    20   213 0.85 -
NODE_44698_length_7651_cov_34.015890:788-2306    -            262 95360at7898          -            345   1.1e-23   82.1   0.0   2   2   9.7e-09   1.2e-05   22.7   0.0   204   254   211   262   205   262 0.87 -
NODE_20353_length_11495_cov_45.666813:151-8056   -            408 95360at7898          -            345   4.9e-13   47.1   0.0   1   2   1.8e-06    0.0023   15.2   0.0    24   100    63   141    41   145 0.65 -
NODE_20353_length_11495_cov_45.666813:151-8056   -            408 95360at7898          -            345   4.9e-13   47.1   0.0   2   2   9.4e-11   1.2e-07   29.3   0.0   141   260   156   286   147   309 0.75 -
NODE_11186_length_14490_cov_28.225349:1408-10101 -            317 95360at7898          -            345     2e-10   38.5   0.0   1   1   3.4e-13   4.4e-10   37.4   0.0   135   275    26   177    22   205 0.74 -
NODE_9_length_99323_cov_4.279801:66304-66873     -            190 95360at7898          -            345   6.7e-09   33.5   0.0   1   1   2.4e-11   3.1e-08   31.3   0.0    70   262     1   179     1   189 0.79 -
#
# Program:         hmmsearch
# Version:         3.1b2 (February 2015)
# Pipeline mode:   SEARCH
# Query file:      /home/e1garcia/shotgun_PIRE/abyss/busco_downloads/lineages/actinopterygii_odb10/hmms/95360at7898.hmm
# Target file:     /home/e1garcia/shotgun_PIRE/pire_ssl_data_processing/plotosus_lineatus/busco_scaffolds_results-SPAdes_contam_R1R2_noIsolate/run_actinopterygii_odb10/metaeuk_output/initial_results/scaffolds.modified.fasta.modified.fas
# Option settings: hmmsearch --domtblout /home/e1garcia/shotgun_PIRE/pire_ssl_data_processing/plotosus_lineatus/busco_scaffolds_results-SPAdes_contam_R1R2_noIsolate/run_actinopterygii_odb10/hmmer_output/initial_run_results/95360at7898.out --cpu 1 /home/e1garcia/shotgun_PIRE/abyss/busco_downloads/lineages/actinopterygii_odb10/hmms/95360at7898.hmm /home/e1garcia/shotgun_PIRE/pire_ssl_data_processing/plotosus_lineatus/busco_scaffolds_results-SPAdes_contam_R1R2_noIsolate/run_actinopterygii_odb10/metaeuk_output/initial_results/scaffolds.modified.fasta.modified.fas 
# Current dir:     /home/e1garcia/shotgun_PIRE/pire_ssl_data_processing/plotosus_lineatus
# Date:            Fri Aug 20 13:36:25 2021
# [ok]
