#                                                                                                        --- full sequence --- -------------- this domain -------------   hmm coord   ali coord   env coord
# target name                                    accession   tlen query name           accession   qlen   E-value  score  bias   #  of  c-Evalue  i-Evalue  score  bias  from    to  from    to  from    to  acc description of target
#                            ------------------- ---------- ----- -------------------- ---------- ----- --------- ------ ----- --- --- --------- --------- ------ ----- ----- ----- ----- ----- ----- ----- ---- ---------------------
NODE_26907_length_8647_cov_30.563173:3395-8610   -            283 100486at7898         -            268   4.5e-67  224.7  39.5   1   3   1.5e-14   2.2e-11   42.1   8.2    52    95     1    44     1    57 0.91 -
NODE_26907_length_8647_cov_30.563173:3395-8610   -            283 100486at7898         -            268   4.5e-67  224.7  39.5   2   3   1.5e-54   2.2e-51  173.2  14.0    89   224    59   194    55   201 0.97 -
NODE_26907_length_8647_cov_30.563173:3395-8610   -            283 100486at7898         -            268   4.5e-67  224.7  39.5   3   3   2.8e-08     4e-05   21.6   1.8   220   249   251   282   241   283 0.83 -
NODE_34494_length_7686_cov_28.302491:1184-7277   -            143 100486at7898         -            268    0.0047   14.8   5.0   1   1   3.9e-06    0.0057   14.5   5.0    37    91    49   103    36   127 0.83 -
NODE_8236_length_13372_cov_30.542153:10827-13163 -            455 100486at7898         -            268      0.21    9.4  16.4   1   2     0.018        26    2.5   2.9   143   217    58   129    40   143 0.74 -
NODE_8236_length_13372_cov_30.542153:10827-13163 -            455 100486at7898         -            268      0.21    9.4  16.4   2   2   8.8e-05      0.13   10.1   8.1    21    94   146   222   126   226 0.77 -
NODE_9311_length_12859_cov_69.319122:5806-9095   -            313 100486at7898         -            268      0.42    8.4   7.5   1   3     0.001       1.5    6.6   2.6    64   108    75   119    49   144 0.57 -
NODE_9311_length_12859_cov_69.319122:5806-9095   -            313 100486at7898         -            268      0.42    8.4   7.5   2   3     0.013        19    3.0   0.1   166   222   196   251   187   263 0.77 -
NODE_9311_length_12859_cov_69.319122:5806-9095   -            313 100486at7898         -            268      0.42    8.4   7.5   3   3      0.22   3.2e+02   -1.0   0.0    78   112   269   303   256   307 0.81 -
#
# Program:         hmmsearch
# Version:         3.1b2 (February 2015)
# Pipeline mode:   SEARCH
# Query file:      /home/e1garcia/shotgun_PIRE/abyss/busco_downloads/lineages/actinopterygii_odb10/hmms/100486at7898.hmm
# Target file:     /home/e1garcia/shotgun_PIRE/pire_ssl_data_processing/plotosus_lineatus/busco_scaffolds_results-SPAdes_decontam_R1R2_noIsolate/run_actinopterygii_odb10/metaeuk_output/initial_results/scaffolds.modified.fasta.modified.fas
# Option settings: hmmsearch --domtblout /home/e1garcia/shotgun_PIRE/pire_ssl_data_processing/plotosus_lineatus/busco_scaffolds_results-SPAdes_decontam_R1R2_noIsolate/run_actinopterygii_odb10/hmmer_output/initial_run_results/100486at7898.out --cpu 1 /home/e1garcia/shotgun_PIRE/abyss/busco_downloads/lineages/actinopterygii_odb10/hmms/100486at7898.hmm /home/e1garcia/shotgun_PIRE/pire_ssl_data_processing/plotosus_lineatus/busco_scaffolds_results-SPAdes_decontam_R1R2_noIsolate/run_actinopterygii_odb10/metaeuk_output/initial_results/scaffolds.modified.fasta.modified.fas 
# Current dir:     /home/e1garcia/shotgun_PIRE/pire_ssl_data_processing/plotosus_lineatus
# Date:            Fri Aug 20 13:22:37 2021
# [ok]
