#                                                                                                        --- full sequence --- -------------- this domain -------------   hmm coord   ali coord   env coord
# target name                                    accession   tlen query name           accession   qlen   E-value  score  bias   #  of  c-Evalue  i-Evalue  score  bias  from    to  from    to  from    to  acc description of target
#                            ------------------- ---------- ----- -------------------- ---------- ----- --------- ------ ----- --- --- --------- --------- ------ ----- ----- ----- ----- ----- ----- ----- ---- ---------------------
NODE_85108_length_4330_cov_31.831955:2077-3789   -            571 44333at7898          -            433   2.3e-96  321.8  14.6   1   3   5.3e-79   6.3e-76  254.4   3.6    58   342     1   334     1   341 0.83 -
NODE_85108_length_4330_cov_31.831955:2077-3789   -            571 44333at7898          -            433   2.3e-96  321.8  14.6   2   3   5.7e-16   6.7e-13   46.7   0.0   340   401   421   489   397   505 0.83 -
NODE_85108_length_4330_cov_31.831955:2077-3789   -            571 44333at7898          -            433   2.3e-96  321.8  14.6   3   3   2.8e-09   3.3e-06   24.7   1.0   404   433   518   547   514   547 0.95 -
NODE_3531_length_16898_cov_58.232990:11577-16602 -            544 44333at7898          -            433   4.4e-19   67.1   0.0   1   1   4.4e-20   5.2e-17   60.3   0.0     9   382    26   447    18   462 0.68 -
NODE_1313_length_21237_cov_35.369382:2692-13813  -            508 44333at7898          -            433   1.7e-14   51.9   0.6   1   2   3.2e-14   3.8e-11   41.0   0.4     5   101    22   117    18   180 0.79 -
NODE_1313_length_21237_cov_35.369382:2692-13813  -            508 44333at7898          -            433   1.7e-14   51.9   0.6   2   2   0.00017       0.2    8.9   0.0   294   386   332   433   323   456 0.72 -
NODE_16760_length_10550_cov_44.108219:7621-10215 -            434 44333at7898          -            433   7.6e-13   46.5   1.8   1   2   4.8e-13   5.6e-10   37.1   0.1    16    99     5    88     1   189 0.83 -
NODE_16760_length_10550_cov_44.108219:7621-10215 -            434 44333at7898          -            433   7.6e-13   46.5   1.8   2   2   0.00015      0.18    9.1   0.1   245   372   232   366   229   377 0.72 -
NODE_20295_length_9784_cov_35.679711:649-6634    -            303 44333at7898          -            433    0.0012   16.3   0.0   1   1   1.3e-06    0.0016   15.8   0.0   212   339    10   147     3   171 0.76 -
#
# Program:         hmmsearch
# Version:         3.1b2 (February 2015)
# Pipeline mode:   SEARCH
# Query file:      /home/e1garcia/shotgun_PIRE/abyss/busco_downloads/lineages/actinopterygii_odb10/hmms/44333at7898.hmm
# Target file:     /home/e1garcia/shotgun_PIRE/pire_ssl_data_processing/plotosus_lineatus/busco_scaffolds_results-SPAdes_decontam_R1R2_noIsolate/run_actinopterygii_odb10/metaeuk_output/initial_results/scaffolds.modified.fasta.modified.fas
# Option settings: hmmsearch --domtblout /home/e1garcia/shotgun_PIRE/pire_ssl_data_processing/plotosus_lineatus/busco_scaffolds_results-SPAdes_decontam_R1R2_noIsolate/run_actinopterygii_odb10/hmmer_output/initial_run_results/44333at7898.out --cpu 1 /home/e1garcia/shotgun_PIRE/abyss/busco_downloads/lineages/actinopterygii_odb10/hmms/44333at7898.hmm /home/e1garcia/shotgun_PIRE/pire_ssl_data_processing/plotosus_lineatus/busco_scaffolds_results-SPAdes_decontam_R1R2_noIsolate/run_actinopterygii_odb10/metaeuk_output/initial_results/scaffolds.modified.fasta.modified.fas 
# Current dir:     /home/e1garcia/shotgun_PIRE/pire_ssl_data_processing/plotosus_lineatus
# Date:            Fri Aug 20 13:21:41 2021
# [ok]
