#                                                                                                        --- full sequence --- -------------- this domain -------------   hmm coord   ali coord   env coord
# target name                                    accession   tlen query name           accession   qlen   E-value  score  bias   #  of  c-Evalue  i-Evalue  score  bias  from    to  from    to  from    to  acc description of target
#                            ------------------- ---------- ----- -------------------- ---------- ----- --------- ------ ----- --- --- --------- --------- ------ ----- ----- ----- ----- ----- ----- ----- ---- ---------------------
NODE_3817_length_16556_cov_36.304551:1542-2555   -            338 49357at7898          -            438   6.5e-19   66.6   0.0   1   2   1.7e-10   1.2e-07   29.5   0.0   344   435    18   114     3   116 0.84 -
NODE_3817_length_16556_cov_36.304551:1542-2555   -            338 49357at7898          -            438   6.5e-19   66.6   0.0   2   2   3.1e-12   2.3e-09   35.2   0.0   360   436   158   231   153   233 0.86 -
NODE_13613_length_11377_cov_31.327895:1369-5940  -            305 49357at7898          -            438   8.3e-06   23.4   0.0   1   1   1.8e-08   1.3e-05   22.7   0.0   384   435   240   291   212   293 0.89 -
NODE_2465_length_18479_cov_32.946681:11511-12293 -            261 49357at7898          -            438   5.9e-05   20.6   0.0   1   1   1.1e-07   8.4e-05   20.1   0.0   387   435    48   101    39   104 0.86 -
NODE_18481_length_10164_cov_34.937606:3145-7976  -            262 49357at7898          -            438   6.3e-05   20.5   0.0   1   1   1.2e-07   8.5e-05   20.1   0.0   387   435     3    53     1    55 0.90 -
NODE_68459_length_5110_cov_36.426661:1487-2956   -            490 49357at7898          -            438    0.0001   19.8   0.0   1   1   2.3e-07   0.00017   19.1   0.0   233   290     6    64     2    84 0.79 -
NODE_230_length_30402_cov_43.476091:23767-28877  -            549 49357at7898          -            438   0.00056   17.4   0.0   1   1   1.3e-06   0.00096   16.6   0.0   386   435     5    56     1    58 0.89 -
NODE_12987_length_11552_cov_31.810006:3777-8262  -            284 49357at7898          -            438    0.0024   15.3   0.0   1   1   4.4e-06    0.0032   14.9   0.0   384   438    34    87    17    87 0.85 -
NODE_9466_length_12803_cov_36.126338:239-3704    -            479 49357at7898          -            438     0.055   10.8   0.0   1   1   0.00014       0.1    9.9   0.0   387   432   428   474   415   477 0.79 -
#
# Program:         hmmsearch
# Version:         3.1b2 (February 2015)
# Pipeline mode:   SEARCH
# Query file:      /home/e1garcia/shotgun_PIRE/abyss/busco_downloads/lineages/actinopterygii_odb10/hmms/49357at7898.hmm
# Target file:     /home/e1garcia/shotgun_PIRE/pire_ssl_data_processing/plotosus_lineatus/busco_scaffolds_results-SPAdes_decontam_R1R2_noIsolate/run_actinopterygii_odb10/metaeuk_output/initial_results/scaffolds.modified.fasta.modified.fas
# Option settings: hmmsearch --domtblout /home/e1garcia/shotgun_PIRE/pire_ssl_data_processing/plotosus_lineatus/busco_scaffolds_results-SPAdes_decontam_R1R2_noIsolate/run_actinopterygii_odb10/hmmer_output/initial_run_results/49357at7898.out --cpu 1 /home/e1garcia/shotgun_PIRE/abyss/busco_downloads/lineages/actinopterygii_odb10/hmms/49357at7898.hmm /home/e1garcia/shotgun_PIRE/pire_ssl_data_processing/plotosus_lineatus/busco_scaffolds_results-SPAdes_decontam_R1R2_noIsolate/run_actinopterygii_odb10/metaeuk_output/initial_results/scaffolds.modified.fasta.modified.fas 
# Current dir:     /home/e1garcia/shotgun_PIRE/pire_ssl_data_processing/plotosus_lineatus
# Date:            Fri Aug 20 13:22:13 2021
# [ok]
