#                                                                                                       --- full sequence --- -------------- this domain -------------   hmm coord   ali coord   env coord
# target name                                   accession   tlen query name           accession   qlen   E-value  score  bias   #  of  c-Evalue  i-Evalue  score  bias  from    to  from    to  from    to  acc description of target
#                           ------------------- ---------- ----- -------------------- ---------- ----- --------- ------ ----- --- --- --------- --------- ------ ----- ----- ----- ----- ----- ----- ----- ---- ---------------------
NODE_35310_length_7596_cov_31.143257:772-2415   -            548 57445at7898          -            491  1.9e-274  909.3  40.6   1   3  1.1e-141  2.2e-138  460.5  23.9    43   288     1   257     1   275 0.92 -
NODE_35310_length_7596_cov_31.143257:772-2415   -            548 57445at7898          -            491  1.9e-274  909.3  40.6   2   3   0.00016      0.32    8.1   3.7   275   303   304   331   287   336 0.79 -
NODE_35310_length_7596_cov_31.143257:772-2415   -            548 57445at7898          -            491  1.9e-274  909.3  40.6   3   3  1.7e-138  3.4e-135  450.0   0.2   298   491   354   547   346   547 0.99 -
NODE_291_length_28654_cov_33.811837:15527-23019 -            568 57445at7898          -            491  9.6e-218  722.3  39.7   1   3  1.9e-100   3.7e-97  324.5  22.6    17   294     1   294     1   311 0.87 -
NODE_291_length_28654_cov_33.811837:15527-23019 -            568 57445at7898          -            491  9.6e-218  722.3  39.7   2   3    0.0029       5.7    3.9   4.0   285   303   323   341   304   344 0.87 -
NODE_291_length_28654_cov_33.811837:15527-23019 -            568 57445at7898          -            491  9.6e-218  722.3  39.7   3   3  2.3e-124  4.6e-121  403.4   0.2   303   491   379   567   367   567 0.98 -
NODE_16839_length_10534_cov_36.956780:1155-2780 -            542 57445at7898          -            491  1.6e-210  698.5  42.1   1   3   2.5e-92   4.9e-89  297.7  21.5    43   293     6   257     2   266 0.89 -
NODE_16839_length_10534_cov_36.956780:1155-2780 -            542 57445at7898          -            491  1.6e-210  698.5  42.1   2   3     0.015        30    1.6   5.8   272   304   295   327   275   330 0.76 -
NODE_16839_length_10534_cov_36.956780:1155-2780 -            542 57445at7898          -            491  1.6e-210  698.5  42.1   3   3  2.6e-126  5.1e-123  409.8   0.5   303   490   352   539   348   540 0.99 -
#
# Program:         hmmsearch
# Version:         3.1b2 (February 2015)
# Pipeline mode:   SEARCH
# Query file:      /home/e1garcia/shotgun_PIRE/abyss/busco_downloads/lineages/actinopterygii_odb10/hmms/57445at7898.hmm
# Target file:     /home/e1garcia/shotgun_PIRE/pire_ssl_data_processing/plotosus_lineatus/busco_scaffolds_results-SPAdes_decontam_R1R2_noIsolate/run_actinopterygii_odb10/metaeuk_output/initial_results/scaffolds.modified.fasta.modified.fas
# Option settings: hmmsearch --domtblout /home/e1garcia/shotgun_PIRE/pire_ssl_data_processing/plotosus_lineatus/busco_scaffolds_results-SPAdes_decontam_R1R2_noIsolate/run_actinopterygii_odb10/hmmer_output/initial_run_results/57445at7898.out --cpu 1 /home/e1garcia/shotgun_PIRE/abyss/busco_downloads/lineages/actinopterygii_odb10/hmms/57445at7898.hmm /home/e1garcia/shotgun_PIRE/pire_ssl_data_processing/plotosus_lineatus/busco_scaffolds_results-SPAdes_decontam_R1R2_noIsolate/run_actinopterygii_odb10/metaeuk_output/initial_results/scaffolds.modified.fasta.modified.fas 
# Current dir:     /home/e1garcia/shotgun_PIRE/pire_ssl_data_processing/plotosus_lineatus
# Date:            Fri Aug 20 13:24:12 2021
# [ok]
