#                                                                                                      --- full sequence --- -------------- this domain -------------   hmm coord   ali coord   env coord
# target name                                  accession   tlen query name           accession   qlen   E-value  score  bias   #  of  c-Evalue  i-Evalue  score  bias  from    to  from    to  from    to  acc description of target
#                          ------------------- ---------- ----- -------------------- ---------- ----- --------- ------ ----- --- --- --------- --------- ------ ----- ----- ----- ----- ----- ----- ----- ---- ---------------------
NODE_84793_length_4343_cov_29.557729:11-3495   -            301 58093at7898          -            405  3.1e-133  442.8   3.3   1   1    1e-135  1.5e-132  440.6   3.3    31   291     2   300     1   301 0.91 -
NODE_76214_length_4720_cov_44.434322:3570-3986 -            139 58093at7898          -            405      0.05   10.7   3.5   1   2   0.00043      0.64    7.1   0.2    32    70    11    51     5    66 0.71 -
NODE_76214_length_4720_cov_44.434322:3570-3986 -            139 58093at7898          -            405      0.05   10.7   3.5   2   2    0.0018       2.6    5.0   0.3    29    63    94   128    77   138 0.85 -
NODE_58555_length_5680_cov_30.188855:3624-4124 -            167 58093at7898          -            405       2.3    5.2   9.6   1   3    0.0009       1.3    6.0   0.4    30    73    34    78    21    84 0.72 -
NODE_58555_length_5680_cov_30.188855:3624-4124 -            167 58093at7898          -            405       2.3    5.2   9.6   2   3     0.003       4.4    4.3   0.6    20    71    82   133    75   139 0.83 -
NODE_58555_length_5680_cov_30.188855:3624-4124 -            167 58093at7898          -            405       2.3    5.2   9.6   3   3     0.053        78    0.2   0.1    48    61   138   151   135   162 0.83 -
NODE_26155_length_8765_cov_84.347681:5798-6301 -            168 58093at7898          -            405       7.6    3.5  11.9   1   4      0.26   3.8e+02   -2.1   0.0    51    64     2    15     1    28 0.78 -
NODE_26155_length_8765_cov_84.347681:5798-6301 -            168 58093at7898          -            405       7.6    3.5  11.9   2   4    0.0021       3.2    4.8   0.2    31    64    38    71    34    81 0.83 -
NODE_26155_length_8765_cov_84.347681:5798-6301 -            168 58093at7898          -            405       7.6    3.5  11.9   3   4     0.012        17    2.4   0.2    47    64    82    99    69   110 0.76 -
NODE_26155_length_8765_cov_84.347681:5798-6301 -            168 58093at7898          -            405       7.6    3.5  11.9   4   4    0.0037       5.5    4.0   0.5    42    65   105   128    96   137 0.75 -
#
# Program:         hmmsearch
# Version:         3.1b2 (February 2015)
# Pipeline mode:   SEARCH
# Query file:      /home/e1garcia/shotgun_PIRE/abyss/busco_downloads/lineages/actinopterygii_odb10/hmms/58093at7898.hmm
# Target file:     /home/e1garcia/shotgun_PIRE/pire_ssl_data_processing/plotosus_lineatus/busco_scaffolds_results-SPAdes_decontam_R1R2_noIsolate/run_actinopterygii_odb10/metaeuk_output/initial_results/scaffolds.modified.fasta.modified.fas
# Option settings: hmmsearch --domtblout /home/e1garcia/shotgun_PIRE/pire_ssl_data_processing/plotosus_lineatus/busco_scaffolds_results-SPAdes_decontam_R1R2_noIsolate/run_actinopterygii_odb10/hmmer_output/initial_run_results/58093at7898.out --cpu 1 /home/e1garcia/shotgun_PIRE/abyss/busco_downloads/lineages/actinopterygii_odb10/hmms/58093at7898.hmm /home/e1garcia/shotgun_PIRE/pire_ssl_data_processing/plotosus_lineatus/busco_scaffolds_results-SPAdes_decontam_R1R2_noIsolate/run_actinopterygii_odb10/metaeuk_output/initial_results/scaffolds.modified.fasta.modified.fas 
# Current dir:     /home/e1garcia/shotgun_PIRE/pire_ssl_data_processing/plotosus_lineatus
# Date:            Fri Aug 20 13:27:37 2021
# [ok]
