#                                                                                                        --- full sequence --- -------------- this domain -------------   hmm coord   ali coord   env coord
# target name                                    accession   tlen query name           accession   qlen   E-value  score  bias   #  of  c-Evalue  i-Evalue  score  bias  from    to  from    to  from    to  acc description of target
#                            ------------------- ---------- ----- -------------------- ---------- ----- --------- ------ ----- --- --- --------- --------- ------ ----- ----- ----- ----- ----- ----- ----- ---- ---------------------
NODE_2288_length_18792_cov_36.975285:4680-8963   -            399 58534at7898          -            445  7.3e-147  488.1  27.9   1   2  1.7e-105  1.4e-102  342.1   9.6    45   305    25   287    21   292 0.97 -
NODE_2288_length_18792_cov_36.975285:4680-8963   -            399 58534at7898          -            445  7.3e-147  488.1  27.9   2   2   7.4e-48   6.2e-45  152.2  11.2   334   434   291   397   285   399 0.95 -
NODE_83444_length_4398_cov_20.171668:230-3930    -            333 58534at7898          -            445  6.9e-118  392.6  14.3   1   2     6e-92     5e-89  297.5   2.0    74   304    38   271    15   272 0.95 -
NODE_83444_length_4398_cov_20.171668:230-3930    -            333 58534at7898          -            445  6.9e-118  392.6  14.3   2   2   1.7e-32   1.4e-29  101.5   5.3   337   399   271   333   270   333 0.98 -
NODE_15541_length_10853_cov_26.383857:3464-10179 -            480 58534at7898          -            445  3.3e-107  357.4  10.0   1   1  5.7e-110  4.8e-107  356.9  10.0     2   435     3   463     2   468 0.91 -
NODE_21388_length_9577_cov_37.398502:5720-7111   -            464 58534at7898          -            445   1.2e-76  256.7  15.5   1   1   1.7e-79   1.4e-76  256.4  15.5     6   436     1   462     1   464 0.90 -
NODE_774_length_23691_cov_4.129112:21193-22482   -            430 58534at7898          -            445   1.5e-51  174.0  24.0   1   1     2e-54   1.7e-51  173.8  24.0     5   430     3   428     1   430 0.86 -
NODE_219829_length_1266_cov_2.399314:8-1225      -            406 58534at7898          -            445   4.1e-48  162.6  24.2   1   1   5.5e-51   4.6e-48  162.5  24.2     5   408     3   405     1   406 0.86 -
NODE_45986_length_6585_cov_32.054271:4630-5523   -            298 58534at7898          -            445   7.3e-25   86.0  25.1   1   2   3.2e-18   2.7e-15   54.5  15.6     9   191     2   180     1   200 0.87 -
NODE_45986_length_6585_cov_32.054271:4630-5523   -            298 58534at7898          -            445   7.3e-25   86.0  25.1   2   2   4.2e-13   3.6e-10   37.6   1.9   236   324   203   295   188   298 0.84 -
#
# Program:         hmmsearch
# Version:         3.1b2 (February 2015)
# Pipeline mode:   SEARCH
# Query file:      /home/e1garcia/shotgun_PIRE/abyss/busco_downloads/lineages/actinopterygii_odb10/hmms/58534at7898.hmm
# Target file:     /home/e1garcia/shotgun_PIRE/pire_ssl_data_processing/plotosus_lineatus/busco_scaffolds_results-SPAdes_decontam_R1R2_noIsolate/run_actinopterygii_odb10/metaeuk_output/initial_results/scaffolds.modified.fasta.modified.fas
# Option settings: hmmsearch --domtblout /home/e1garcia/shotgun_PIRE/pire_ssl_data_processing/plotosus_lineatus/busco_scaffolds_results-SPAdes_decontam_R1R2_noIsolate/run_actinopterygii_odb10/hmmer_output/initial_run_results/58534at7898.out --cpu 1 /home/e1garcia/shotgun_PIRE/abyss/busco_downloads/lineages/actinopterygii_odb10/hmms/58534at7898.hmm /home/e1garcia/shotgun_PIRE/pire_ssl_data_processing/plotosus_lineatus/busco_scaffolds_results-SPAdes_decontam_R1R2_noIsolate/run_actinopterygii_odb10/metaeuk_output/initial_results/scaffolds.modified.fasta.modified.fas 
# Current dir:     /home/e1garcia/shotgun_PIRE/pire_ssl_data_processing/plotosus_lineatus
# Date:            Fri Aug 20 13:27:50 2021
# [ok]
