#                                                                                                       --- full sequence --- -------------- this domain -------------   hmm coord   ali coord   env coord
# target name                                   accession   tlen query name           accession   qlen   E-value  score  bias   #  of  c-Evalue  i-Evalue  score  bias  from    to  from    to  from    to  acc description of target
#                           ------------------- ---------- ----- -------------------- ---------- ----- --------- ------ ----- --- --- --------- --------- ------ ----- ----- ----- ----- ----- ----- ----- ---- ---------------------
NODE_52011_length_6125_cov_35.037338:3972-4957  -            271 86188at7898          -            182   8.4e-83  275.0   6.9   1   3      0.24   2.3e+02   -0.2   0.0     1    25     1    25     1    33 0.75 -
NODE_52011_length_6125_cov_35.037338:3972-4957  -            271 86188at7898          -            182   8.4e-83  275.0   6.9   2   3   9.9e-05     0.097   10.9   0.0     7    41    41    74    34    77 0.84 -
NODE_52011_length_6125_cov_35.037338:3972-4957  -            271 86188at7898          -            182   8.4e-83  275.0   6.9   3   3   4.1e-82     4e-79  263.0   4.3    42   182   108   253    95   253 0.96 -
NODE_3787_length_16597_cov_42.879804:3724-4299  -            101 86188at7898          -            182    0.0016   16.7   2.4   1   1   2.2e-06    0.0021   16.3   2.4    34   103     8    70     5    83 0.75 -
NODE_24399_length_9047_cov_36.547161:4025-5470  -            326 86188at7898          -            182     0.012   13.8   2.5   1   1   2.5e-05     0.024   12.8   2.5    31    96    97   163    75   180 0.83 -
NODE_40690_length_7054_cov_30.989792:3917-5836  -            376 86188at7898          -            182     0.018   13.2   1.3   1   1   2.9e-05     0.028   12.6   1.3    39    96   158   215   134   217 0.86 -
NODE_1779_length_19960_cov_40.615729:1078-3015  -            310 86188at7898          -            182     0.018   13.2   2.2   1   1   2.8e-05     0.028   12.6   2.2    41    97    89   145    73   177 0.81 -
NODE_228558_length_1158_cov_16.736544:1-642     -            214 86188at7898          -            182     0.033   12.4   3.9   1   2       1.8   1.8e+03   -3.1   0.0   130   140    57    68    50    70 0.69 -
NODE_228558_length_1158_cov_16.736544:1-642     -            214 86188at7898          -            182     0.033   12.4   3.9   2   2   2.7e-05     0.027   12.7   2.2    43    94   158   210   119   213 0.82 -
#
# Program:         hmmsearch
# Version:         3.1b2 (February 2015)
# Pipeline mode:   SEARCH
# Query file:      /home/e1garcia/shotgun_PIRE/abyss/busco_downloads/lineages/actinopterygii_odb10/hmms/86188at7898.hmm
# Target file:     /home/e1garcia/shotgun_PIRE/pire_ssl_data_processing/plotosus_lineatus/busco_scaffolds_results-SPAdes_decontam_R1R2_noIsolate/run_actinopterygii_odb10/metaeuk_output/initial_results/scaffolds.modified.fasta.modified.fas
# Option settings: hmmsearch --domtblout /home/e1garcia/shotgun_PIRE/pire_ssl_data_processing/plotosus_lineatus/busco_scaffolds_results-SPAdes_decontam_R1R2_noIsolate/run_actinopterygii_odb10/hmmer_output/initial_run_results/86188at7898.out --cpu 1 /home/e1garcia/shotgun_PIRE/abyss/busco_downloads/lineages/actinopterygii_odb10/hmms/86188at7898.hmm /home/e1garcia/shotgun_PIRE/pire_ssl_data_processing/plotosus_lineatus/busco_scaffolds_results-SPAdes_decontam_R1R2_noIsolate/run_actinopterygii_odb10/metaeuk_output/initial_results/scaffolds.modified.fasta.modified.fas 
# Current dir:     /home/e1garcia/shotgun_PIRE/pire_ssl_data_processing/plotosus_lineatus
# Date:            Fri Aug 20 13:32:43 2021
# [ok]
