#                                                                                                      --- full sequence --- -------------- this domain -------------   hmm coord   ali coord   env coord
# target name                                  accession   tlen query name           accession   qlen   E-value  score  bias   #  of  c-Evalue  i-Evalue  score  bias  from    to  from    to  from    to  acc description of target
#                          ------------------- ---------- ----- -------------------- ---------- ----- --------- ------ ----- --- --- --------- --------- ------ ----- ----- ----- ----- ----- ----- ----- ---- ---------------------
NODE_46_length_39786_cov_4.487716:22524-23684  -            387 51108at7898          -            369   1.5e-72  242.6   0.1   1   1   1.2e-75   1.9e-72  242.3   0.1    40   368    50   387    44   387 0.93 -
NODE_93022_length_4016_cov_27.733214:2521-3279 -            253 51108at7898          -            369     0.024   11.6   2.2   1   3     0.012        19    2.1   0.0   324   346    56    78    48    98 0.86 -
NODE_93022_length_4016_cov_27.733214:2521-3279 -            253 51108at7898          -            369     0.024   11.6   2.2   2   3     0.011        16    2.3   0.0   323   346   167   190   125   196 0.86 -
NODE_93022_length_4016_cov_27.733214:2521-3279 -            253 51108at7898          -            369     0.024   11.6   2.2   3   3    0.0009       1.4    5.8   0.1   324   351   196   224   192   239 0.83 -
NODE_58682_length_5671_cov_39.316583:2397-3185 -            263 51108at7898          -            369       2.2    5.1   6.1   1   5   0.00093       1.4    5.8   0.0   325   346     3    24     1    47 0.86 -
NODE_58682_length_5671_cov_39.316583:2397-3185 -            263 51108at7898          -            369       2.2    5.1   6.1   2   5     0.037        57    0.5   0.1   321   344    55    78    47    92 0.80 -
NODE_58682_length_5671_cov_39.316583:2397-3185 -            263 51108at7898          -            369       2.2    5.1   6.1   3   5      0.34   5.3e+02   -2.7   0.1   324   342   114   132   110   139 0.79 -
NODE_58682_length_5671_cov_39.316583:2397-3185 -            263 51108at7898          -            369       2.2    5.1   6.1   4   5      0.83   1.3e+03   -4.0   0.0   324   338   172   186   169   197 0.78 -
NODE_58682_length_5671_cov_39.316583:2397-3185 -            263 51108at7898          -            369       2.2    5.1   6.1   5   5     0.096   1.5e+02   -0.9   0.0   324   347   234   257   229   262 0.86 -
#
# Program:         hmmsearch
# Version:         3.1b2 (February 2015)
# Pipeline mode:   SEARCH
# Query file:      /home/e1garcia/shotgun_PIRE/abyss/busco_downloads/lineages/actinopterygii_odb10/hmms/51108at7898.hmm
# Target file:     /home/e1garcia/shotgun_PIRE/pire_ssl_data_processing/plotosus_lineatus/busco_scaffolds_results-SPAdes_decontam_R1R2_noIsolate/run_actinopterygii_odb10/metaeuk_output/rerun_results/scaffolds.modified.fasta.modified.fas
# Option settings: hmmsearch --domtblout /home/e1garcia/shotgun_PIRE/pire_ssl_data_processing/plotosus_lineatus/busco_scaffolds_results-SPAdes_decontam_R1R2_noIsolate/run_actinopterygii_odb10/hmmer_output/rerun_results/51108at7898.out --cpu 1 /home/e1garcia/shotgun_PIRE/abyss/busco_downloads/lineages/actinopterygii_odb10/hmms/51108at7898.hmm /home/e1garcia/shotgun_PIRE/pire_ssl_data_processing/plotosus_lineatus/busco_scaffolds_results-SPAdes_decontam_R1R2_noIsolate/run_actinopterygii_odb10/metaeuk_output/rerun_results/scaffolds.modified.fasta.modified.fas 
# Current dir:     /home/e1garcia/shotgun_PIRE/pire_ssl_data_processing/plotosus_lineatus
# Date:            Fri Aug 20 14:37:16 2021
# [ok]
