#                                                                                                        --- full sequence --- -------------- this domain -------------   hmm coord   ali coord   env coord
# target name                                    accession   tlen query name           accession   qlen   E-value  score  bias   #  of  c-Evalue  i-Evalue  score  bias  from    to  from    to  from    to  acc description of target
#                            ------------------- ---------- ----- -------------------- ---------- ----- --------- ------ ----- --- --- --------- --------- ------ ----- ----- ----- ----- ----- ----- ----- ---- ---------------------
NODE_15907_length_10258_cov_31.593759:957-2986   -            355 49394at7898          -            445  1.3e-104  348.4   7.4   1   3   1.7e-29     2e-26   90.7   0.1   222   269     1    48     1    51 0.97 -
NODE_15907_length_10258_cov_31.593759:957-2986   -            355 49394at7898          -            445  1.3e-104  348.4   7.4   2   3   3.3e-62   3.8e-59  198.5   1.3   294   398    49   156    48   165 0.94 -
NODE_15907_length_10258_cov_31.593759:957-2986   -            355 49394at7898          -            445  1.3e-104  348.4   7.4   3   3   6.9e-21     8e-18   62.3   0.0   395   437   190   232   182   238 0.92 -
NODE_7967_length_12811_cov_36.076857:10558-11307 -            250 49394at7898          -            445   8.1e-24   82.1   0.4   1   1   1.3e-25   1.5e-22   77.8   0.4   161   348    30   246     5   249 0.73 -
NODE_50008_length_6073_cov_57.112655:1968-2957   -            330 49394at7898          -            445   2.4e-08   31.1   0.0   1   3    0.0015       1.7    5.2   0.0   164   187    30    53    24    76 0.72 -
NODE_50008_length_6073_cov_57.112655:1968-2957   -            330 49394at7898          -            445   2.4e-08   31.1   0.0   2   3     0.014        16    2.0   0.0   218   256   154   193    88   246 0.75 -
NODE_50008_length_6073_cov_57.112655:1968-2957   -            330 49394at7898          -            445   2.4e-08   31.1   0.0   3   3   3.5e-08   4.1e-05   20.4   0.0   320   349   300   329   284   330 0.89 -
NODE_151_length_30495_cov_40.467858:3062-4141    -            360 49394at7898          -            445   6.4e-08   29.7   0.0   1   3     0.046        53    0.3   0.0   165   186    31    52    25    73 0.79 -
NODE_151_length_30495_cov_40.467858:3062-4141    -            360 49394at7898          -            445   6.4e-08   29.7   0.0   2   3   0.00011      0.12    9.0   0.0   225   277   161   218   119   254 0.74 -
NODE_151_length_30495_cov_40.467858:3062-4141    -            360 49394at7898          -            445   6.4e-08   29.7   0.0   3   3   5.7e-07   0.00066   16.4   0.0   316   349   296   329   278   337 0.80 -
#
# Program:         hmmsearch
# Version:         3.1b2 (February 2015)
# Pipeline mode:   SEARCH
# Query file:      /home/e1garcia/shotgun_PIRE/abyss/busco_downloads/lineages/actinopterygii_odb10/hmms/49394at7898.hmm
# Target file:     /home/e1garcia/shotgun_PIRE/pire_ssl_data_processing/plotosus_lineatus/busco_contigs_results-SPAdes_decontam_R1R2_noIsolate/run_actinopterygii_odb10/metaeuk_output/rerun_results/contigs.modified.fasta.modified.fas
# Option settings: hmmsearch --domtblout /home/e1garcia/shotgun_PIRE/pire_ssl_data_processing/plotosus_lineatus/busco_contigs_results-SPAdes_decontam_R1R2_noIsolate/run_actinopterygii_odb10/hmmer_output/rerun_results/49394at7898.out --cpu 1 /home/e1garcia/shotgun_PIRE/abyss/busco_downloads/lineages/actinopterygii_odb10/hmms/49394at7898.hmm /home/e1garcia/shotgun_PIRE/pire_ssl_data_processing/plotosus_lineatus/busco_contigs_results-SPAdes_decontam_R1R2_noIsolate/run_actinopterygii_odb10/metaeuk_output/rerun_results/contigs.modified.fasta.modified.fas 
# Current dir:     /home/e1garcia/shotgun_PIRE/pire_ssl_data_processing/plotosus_lineatus
# Date:            Fri Aug 20 14:35:55 2021
# [ok]
