#                                                                                                        --- full sequence --- -------------- this domain -------------   hmm coord   ali coord   env coord
# target name                                    accession   tlen query name           accession   qlen   E-value  score  bias   #  of  c-Evalue  i-Evalue  score  bias  from    to  from    to  from    to  acc description of target
#                            ------------------- ---------- ----- -------------------- ---------- ----- --------- ------ ----- --- --- --------- --------- ------ ----- ----- ----- ----- ----- ----- ----- ---- ---------------------
NODE_273995_length_824_cov_18.379310:288-602     -            105 57026at7898          -            456   7.5e-05   19.5   0.1   1   1   1.2e-07     8e-05   19.4   0.1   144   200    29    85    12    94 0.90 -
NODE_6160_length_13772_cov_33.662693:7923-8694   -            199 57026at7898          -            456   0.00013   18.8   2.6   1   2    0.0005      0.33    7.5   0.2   151   195     2    46     1    48 0.92 -
NODE_6160_length_13772_cov_33.662693:7923-8694   -            199 57026at7898          -            456   0.00013   18.8   2.6   2   2     2e-05     0.013   12.1   0.1   219   272    49   102    42   126 0.79 -
NODE_2670_length_17044_cov_36.639304:11755-12982 -            202 57026at7898          -            456   0.00076   16.2   0.9   1   2    0.0015      0.99    5.9   0.1   152   196     3    47     1    50 0.90 -
NODE_2670_length_17044_cov_36.639304:11755-12982 -            202 57026at7898          -            456   0.00076   16.2   0.9   2   2   8.4e-05     0.055   10.1   0.1   219   288    49   120    44   132 0.75 -
NODE_63969_length_5226_cov_19.076458:3864-4520   -            219 57026at7898          -            456   0.00092   15.9   0.1   1   1   1.8e-06    0.0012   15.6   0.1   201   284   129   212   111   217 0.83 -
NODE_255063_length_994_cov_11.665922:346-537     -             64 57026at7898          -            456    0.0066   13.1   0.1   1   1     1e-05    0.0066   13.1   0.1   201   233    23    56    10    63 0.87 -
NODE_176120_length_1998_cov_7.720906:956-1153    -             66 57026at7898          -            456    0.0097   12.6   0.1   1   1   1.5e-05    0.0098   12.5   0.1   201   232    25    57    10    64 0.88 -
NODE_77380_length_4582_cov_25.849208:517-1572    -            208 57026at7898          -            456      0.03   11.0   0.5   1   2     0.026        17    1.9   0.1   151   191    16    54     7    59 0.83 -
NODE_77380_length_4582_cov_25.849208:517-1572    -            208 57026at7898          -            456      0.03   11.0   0.5   2   2   0.00047      0.31    7.6   0.0   218   277    60   121    53   140 0.76 -
#
# Program:         hmmsearch
# Version:         3.1b2 (February 2015)
# Pipeline mode:   SEARCH
# Query file:      /home/e1garcia/shotgun_PIRE/abyss/busco_downloads/lineages/actinopterygii_odb10/hmms/57026at7898.hmm
# Target file:     /home/e1garcia/shotgun_PIRE/pire_ssl_data_processing/plotosus_lineatus/busco_contigs_results-SPAdes_decontam_R1R2_noIsolate/run_actinopterygii_odb10/metaeuk_output/rerun_results/contigs.modified.fasta.modified.fas
# Option settings: hmmsearch --domtblout /home/e1garcia/shotgun_PIRE/pire_ssl_data_processing/plotosus_lineatus/busco_contigs_results-SPAdes_decontam_R1R2_noIsolate/run_actinopterygii_odb10/hmmer_output/rerun_results/57026at7898.out --cpu 1 /home/e1garcia/shotgun_PIRE/abyss/busco_downloads/lineages/actinopterygii_odb10/hmms/57026at7898.hmm /home/e1garcia/shotgun_PIRE/pire_ssl_data_processing/plotosus_lineatus/busco_contigs_results-SPAdes_decontam_R1R2_noIsolate/run_actinopterygii_odb10/metaeuk_output/rerun_results/contigs.modified.fasta.modified.fas 
# Current dir:     /home/e1garcia/shotgun_PIRE/pire_ssl_data_processing/plotosus_lineatus
# Date:            Fri Aug 20 14:38:34 2021
# [ok]
