#                                                                                                      --- full sequence --- -------------- this domain -------------   hmm coord   ali coord   env coord
# target name                                  accession   tlen query name           accession   qlen   E-value  score  bias   #  of  c-Evalue  i-Evalue  score  bias  from    to  from    to  from    to  acc description of target
#                          ------------------- ---------- ----- -------------------- ---------- ----- --------- ------ ----- --- --- --------- --------- ------ ----- ----- ----- ----- ----- ----- ----- ---- ---------------------
NODE_8974_length_12373_cov_35.341616:574-12277 -            838 7222at7898           -           1165         0 1389.7  31.7   1   2    1e-173  1.5e-170  567.2   4.9   410   734     3   323     1   328 0.96 -
NODE_8974_length_12373_cov_35.341616:574-12277 -            838 7222at7898           -           1165         0 1389.7  31.7   2   2  5.5e-247  8.4e-244  809.8  18.9   729  1165   345   838   341   838 0.93 -
NODE_26006_length_8416_cov_42.468318:79-7955   -            539 7222at7898           -           1165     6e-12   42.0   4.5   1   4     0.012        19    0.6   0.0   122   145    89   112    84   138 0.87 -
NODE_26006_length_8416_cov_42.468318:79-7955   -            539 7222at7898           -           1165     6e-12   42.0   4.5   2   4    0.0023       3.5    3.0   0.0   223   267   314   357   288   364 0.81 -
NODE_26006_length_8416_cov_42.468318:79-7955   -            539 7222at7898           -           1165     6e-12   42.0   4.5   3   4   6.9e-06     0.011   11.3   0.6   279   357   409   472   400   481 0.73 -
NODE_26006_length_8416_cov_42.468318:79-7955   -            539 7222at7898           -           1165     6e-12   42.0   4.5   4   4   3.8e-10   5.9e-07   25.4   0.2   409   458   479   528   459   534 0.88 -
NODE_76307_length_4628_cov_34.292559:702-4625  -            470 7222at7898           -           1165   4.8e-07   25.7   0.1   1   3      0.21   3.3e+02   -3.5   0.0   202   220    48    66    22    76 0.81 -
NODE_76307_length_4628_cov_34.292559:702-4625  -            470 7222at7898           -           1165   4.8e-07   25.7   0.1   2   3    0.0028       4.3    2.7   0.0   231   266   108   143    88   172 0.87 -
NODE_76307_length_4628_cov_34.292559:702-4625  -            470 7222at7898           -           1165   4.8e-07   25.7   0.1   3   3   1.2e-08   1.9e-05   20.5   0.0   276   357   378   467   368   470 0.79 -
#
# Program:         hmmsearch
# Version:         3.1b2 (February 2015)
# Pipeline mode:   SEARCH
# Query file:      /home/e1garcia/shotgun_PIRE/abyss/busco_downloads/lineages/actinopterygii_odb10/hmms/7222at7898.hmm
# Target file:     /home/e1garcia/shotgun_PIRE/pire_ssl_data_processing/plotosus_lineatus/busco_contigs_results-SPAdes_decontam_R1R2_noIsolate/run_actinopterygii_odb10/metaeuk_output/rerun_results/contigs.modified.fasta.modified.fas
# Option settings: hmmsearch --domtblout /home/e1garcia/shotgun_PIRE/pire_ssl_data_processing/plotosus_lineatus/busco_contigs_results-SPAdes_decontam_R1R2_noIsolate/run_actinopterygii_odb10/hmmer_output/rerun_results/7222at7898.out --cpu 1 /home/e1garcia/shotgun_PIRE/abyss/busco_downloads/lineages/actinopterygii_odb10/hmms/7222at7898.hmm /home/e1garcia/shotgun_PIRE/pire_ssl_data_processing/plotosus_lineatus/busco_contigs_results-SPAdes_decontam_R1R2_noIsolate/run_actinopterygii_odb10/metaeuk_output/rerun_results/contigs.modified.fasta.modified.fas 
# Current dir:     /home/e1garcia/shotgun_PIRE/pire_ssl_data_processing/plotosus_lineatus
# Date:            Fri Aug 20 14:33:32 2021
# [ok]
