#                                                                                                       --- full sequence --- -------------- this domain -------------   hmm coord   ali coord   env coord
# target name                                   accession   tlen query name           accession   qlen   E-value  score  bias   #  of  c-Evalue  i-Evalue  score  bias  from    to  from    to  from    to  acc description of target
#                           ------------------- ---------- ----- -------------------- ---------- ----- --------- ------ ----- --- --- --------- --------- ------ ----- ----- ----- ----- ----- ----- ----- ---- ---------------------
NODE_997_length_27382_cov_37.751530:6773-21407  -            734 12350at7898          -           1117         0 1072.2  46.2   1   3  3.1e-226  4.9e-223  741.2  14.5     5   368    46   426    42   427 0.96 -
NODE_997_length_27382_cov_37.751530:6773-21407  -            734 12350at7898          -           1117         0 1072.2  46.2   2   3   7.5e-92   1.2e-88  296.2   9.4   416   594   427   622   425   634 0.93 -
NODE_997_length_27382_cov_37.751530:6773-21407  -            734 12350at7898          -           1117         0 1072.2  46.2   3   3     7e-17   1.1e-13   47.9   6.6   662   725   639   726   629   734 0.82 -
NODE_2_length_385651_cov_5.006209:297396-362404 -           1163 12350at7898          -           1117   2.7e-28   96.3  11.8   1   5     1e-14   1.6e-11   40.8   0.0    26   195     1   160     1   173 0.80 -
NODE_2_length_385651_cov_5.006209:297396-362404 -           1163 12350at7898          -           1117   2.7e-28   96.3  11.8   2   5         3   4.7e+03   -7.5  19.0   290   420   184   313   177   334 0.61 -
NODE_2_length_385651_cov_5.006209:297396-362404 -           1163 12350at7898          -           1117   2.7e-28   96.3  11.8   3   5       2.9   4.6e+03   -7.1  13.5   811   905   410   508   367   527 0.74 -
NODE_2_length_385651_cov_5.006209:297396-362404 -           1163 12350at7898          -           1117   2.7e-28   96.3  11.8   4   5         3   4.7e+03  -14.6  23.6   709   885   678   867   668   888 0.64 -
NODE_2_length_385651_cov_5.006209:297396-362404 -           1163 12350at7898          -           1117   2.7e-28   96.3  11.8   5   5   4.3e-22   6.8e-19   65.2   9.4   839  1089   900  1156   877  1163 0.73 -
NODE_137444_length_2609_cov_35.195219:1266-2174 -            303 12350at7898          -           1117     0.036    9.8   0.0   1   1     3e-05     0.048    9.4   0.0  1026  1097   226   295   219   301 0.86 -
#
# Program:         hmmsearch
# Version:         3.1b2 (February 2015)
# Pipeline mode:   SEARCH
# Query file:      /home/e1garcia/shotgun_PIRE/abyss/busco_downloads/lineages/actinopterygii_odb10/hmms/12350at7898.hmm
# Target file:     /home/e1garcia/shotgun_PIRE/pire_ssl_data_processing/plotosus_lineatus/busco_scaffolds_results-SPAdes_contam_R1R2_noIsolate/run_actinopterygii_odb10/metaeuk_output/rerun_results/scaffolds.modified.fasta.modified.fas
# Option settings: hmmsearch --domtblout /home/e1garcia/shotgun_PIRE/pire_ssl_data_processing/plotosus_lineatus/busco_scaffolds_results-SPAdes_contam_R1R2_noIsolate/run_actinopterygii_odb10/hmmer_output/rerun_results/12350at7898.out --cpu 1 /home/e1garcia/shotgun_PIRE/abyss/busco_downloads/lineages/actinopterygii_odb10/hmms/12350at7898.hmm /home/e1garcia/shotgun_PIRE/pire_ssl_data_processing/plotosus_lineatus/busco_scaffolds_results-SPAdes_contam_R1R2_noIsolate/run_actinopterygii_odb10/metaeuk_output/rerun_results/scaffolds.modified.fasta.modified.fas 
# Current dir:     /home/e1garcia/shotgun_PIRE/pire_ssl_data_processing/plotosus_lineatus
# Date:            Fri Aug 20 14:46:36 2021
# [ok]
