#                                                                                                      --- full sequence --- -------------- this domain -------------   hmm coord   ali coord   env coord
# target name                                  accession   tlen query name           accession   qlen   E-value  score  bias   #  of  c-Evalue  i-Evalue  score  bias  from    to  from    to  from    to  acc description of target
#                          ------------------- ---------- ----- -------------------- ---------- ----- --------- ------ ----- --- --- --------- --------- ------ ----- ----- ----- ----- ----- ----- ----- ---- ---------------------
NODE_8171_length_16074_cov_30.582097:983-15223 -            578 20008at7898          -            688  7.4e-150  498.6  32.6   1   5     8e-25   6.3e-22   75.8   0.2   183   239    10    69     5    70 0.90 -
NODE_8171_length_16074_cov_30.582097:983-15223 -            578 20008at7898          -            688  7.4e-150  498.6  32.6   2   5   4.5e-08   3.5e-05   20.5   0.1   267   340    70   157    69   171 0.71 -
NODE_8171_length_16074_cov_30.582097:983-15223 -            578 20008at7898          -            688  7.4e-150  498.6  32.6   3   5     0.013        10    2.4   5.2   294   355   189   250   163   272 0.64 -
NODE_8171_length_16074_cov_30.582097:983-15223 -            578 20008at7898          -            688  7.4e-150  498.6  32.6   4   5   8.3e-11   6.5e-08   29.5   0.1   359   418   282   366   274   377 0.66 -
NODE_8171_length_16074_cov_30.582097:983-15223 -            578 20008at7898          -            688  7.4e-150  498.6  32.6   5   5  2.6e-118    2e-115  384.8   7.0   461   656   380   577   367   578 0.90 -
NODE_3168_length_21073_cov_35.955850:4118-5545 -            382 20008at7898          -            688     7e-06   22.8   1.5   1   1   1.3e-08     1e-05   22.3   1.5   478   568   293   378   230   382 0.85 -
NODE_89135_length_4451_cov_22.916820:2097-3821 -            371 20008at7898          -            688   5.3e-05   19.9   0.4   1   1   8.6e-08   6.8e-05   19.5   0.4   476   562   281   365   251   371 0.78 -
NODE_168796_length_1807_cov_19.926815:786-1490 -            235 20008at7898          -            688   0.00023   17.7   4.1   1   1   3.4e-07   0.00027   17.6   4.1   463   567   125   225    32   234 0.82 -
NODE_99868_length_3954_cov_35.600000:1138-2544 -            346 20008at7898          -            688    0.0044   13.5   1.5   1   1   9.1e-06    0.0072   12.8   1.5   475   567   255   342   240   346 0.75 -
NODE_106778_length_3671_cov_34.644177:658-3589 -            251 20008at7898          -            688     0.015   11.8   0.1   1   1   2.4e-05     0.019   11.4   0.1   501   563     3    65     1    91 0.69 -
#
# Program:         hmmsearch
# Version:         3.1b2 (February 2015)
# Pipeline mode:   SEARCH
# Query file:      /home/e1garcia/shotgun_PIRE/abyss/busco_downloads/lineages/actinopterygii_odb10/hmms/20008at7898.hmm
# Target file:     /home/e1garcia/shotgun_PIRE/pire_ssl_data_processing/plotosus_lineatus/busco_scaffolds_results-SPAdes_contam_R1R2_noIsolate/run_actinopterygii_odb10/metaeuk_output/rerun_results/scaffolds.modified.fasta.modified.fas
# Option settings: hmmsearch --domtblout /home/e1garcia/shotgun_PIRE/pire_ssl_data_processing/plotosus_lineatus/busco_scaffolds_results-SPAdes_contam_R1R2_noIsolate/run_actinopterygii_odb10/hmmer_output/rerun_results/20008at7898.out --cpu 1 /home/e1garcia/shotgun_PIRE/abyss/busco_downloads/lineages/actinopterygii_odb10/hmms/20008at7898.hmm /home/e1garcia/shotgun_PIRE/pire_ssl_data_processing/plotosus_lineatus/busco_scaffolds_results-SPAdes_contam_R1R2_noIsolate/run_actinopterygii_odb10/metaeuk_output/rerun_results/scaffolds.modified.fasta.modified.fas 
# Current dir:     /home/e1garcia/shotgun_PIRE/pire_ssl_data_processing/plotosus_lineatus
# Date:            Fri Aug 20 14:43:49 2021
# [ok]
