#                                                                                                        --- full sequence --- -------------- this domain -------------   hmm coord   ali coord   env coord
# target name                                    accession   tlen query name           accession   qlen   E-value  score  bias   #  of  c-Evalue  i-Evalue  score  bias  from    to  from    to  from    to  acc description of target
#                            ------------------- ---------- ----- -------------------- ---------- ----- --------- ------ ----- --- --- --------- --------- ------ ----- ----- ----- ----- ----- ----- ----- ---- ---------------------
NODE_11105_length_11603_cov_129.216446:7669-9180 -            504 41731at7898          -            504  7.4e-132  439.3  29.7   1   3   1.2e-54   2.3e-51  173.7  18.8     1   179     1   237     1   265 0.78 -
NODE_11105_length_11603_cov_129.216446:7669-9180 -            504 41731at7898          -            504  7.4e-132  439.3  29.7   2   3   4.8e-12   9.2e-09   33.2   0.5   172   211   274   313   261   326 0.89 -
NODE_11105_length_11603_cov_129.216446:7669-9180 -            504 41731at7898          -            504  7.4e-132  439.3  29.7   3   3   1.1e-73   2.1e-70  236.6   0.1   205   349   352   504   343   504 0.95 -
NODE_15996_length_10233_cov_27.042431:883-6365   -            567 41731at7898          -            504   2.8e-70  236.1  15.1   1   3   1.3e-32   2.5e-29  101.0   8.6    11   183    17   227    10   272 0.69 -
NODE_15996_length_10233_cov_27.042431:883-6365   -            567 41731at7898          -            504   2.8e-70  236.1  15.1   2   3   0.00018      0.35    8.2   0.0   177   205   302   330   293   339 0.87 -
NODE_15996_length_10233_cov_27.042431:883-6365   -            567 41731at7898          -            504   2.8e-70  236.1  15.1   3   3     4e-41   7.8e-38  129.1   0.4   208   385   381   566   369   567 0.85 -
NODE_76941_length_4601_cov_22.069969:1054-2661   -            536 41731at7898          -            504   2.8e-37  127.3  21.5   1   3   2.1e-24   4.2e-21   73.9  14.9    23   175    12   213     1   219 0.66 -
NODE_76941_length_4601_cov_22.069969:1054-2661   -            536 41731at7898          -            504   2.8e-37  127.3  21.5   2   3   8.6e-05      0.17    9.3   0.0   177   204   305   332   299   336 0.88 -
NODE_76941_length_4601_cov_22.069969:1054-2661   -            536 41731at7898          -            504   2.8e-37  127.3  21.5   3   3   5.1e-14   9.9e-11   39.7   0.1   212   344   388   536   372   536 0.73 -
#
# Program:         hmmsearch
# Version:         3.1b2 (February 2015)
# Pipeline mode:   SEARCH
# Query file:      /home/e1garcia/shotgun_PIRE/abyss/busco_downloads/lineages/actinopterygii_odb10/hmms/41731at7898.hmm
# Target file:     /home/e1garcia/shotgun_PIRE/pire_ssl_data_processing/plotosus_lineatus/busco_contigs_results-SPAdes_decontam_R1R2_noIsolate/run_actinopterygii_odb10/metaeuk_output/initial_results/contigs.modified.fasta.modified.fas
# Option settings: hmmsearch --domtblout /home/e1garcia/shotgun_PIRE/pire_ssl_data_processing/plotosus_lineatus/busco_contigs_results-SPAdes_decontam_R1R2_noIsolate/run_actinopterygii_odb10/hmmer_output/initial_run_results/41731at7898.out --cpu 1 /home/e1garcia/shotgun_PIRE/abyss/busco_downloads/lineages/actinopterygii_odb10/hmms/41731at7898.hmm /home/e1garcia/shotgun_PIRE/pire_ssl_data_processing/plotosus_lineatus/busco_contigs_results-SPAdes_decontam_R1R2_noIsolate/run_actinopterygii_odb10/metaeuk_output/initial_results/contigs.modified.fasta.modified.fas 
# Current dir:     /home/e1garcia/shotgun_PIRE/pire_ssl_data_processing/plotosus_lineatus
# Date:            Fri Aug 20 13:27:27 2021
# [ok]
