#                                                                                                        --- full sequence --- -------------- this domain -------------   hmm coord   ali coord   env coord
# target name                                    accession   tlen query name           accession   qlen   E-value  score  bias   #  of  c-Evalue  i-Evalue  score  bias  from    to  from    to  from    to  acc description of target
#                            ------------------- ---------- ----- -------------------- ---------- ----- --------- ------ ----- --- --- --------- --------- ------ ----- ----- ----- ----- ----- ----- ----- ---- ---------------------
NODE_6544_length_13549_cov_35.021933:10821-13136 -            144 77302at7898          -            288   1.7e-62  209.6   1.0   1   1   1.8e-65   2.1e-62  209.4   1.0   171   288     1   137     1   137 0.88 -
NODE_4870_length_14651_cov_38.285528:6604-12396  -            202 77302at7898          -            288   8.6e-62  207.4   0.1   1   1   9.3e-65   1.1e-61  207.0   0.1   117   288     2   201     1   201 0.90 -
NODE_18937_length_9591_cov_24.560156:3361-4437   -            359 77302at7898          -            288   2.8e-07   28.5   1.1   1   3      0.17     2e+02   -0.6   0.0   231   275    49    97    33   104 0.70 -
NODE_18937_length_9591_cov_24.560156:3361-4437   -            359 77302at7898          -            288   2.8e-07   28.5   1.1   2   3    0.0054       6.3    4.3   0.0   220   250   139   172   128   208 0.69 -
NODE_18937_length_9591_cov_24.560156:3361-4437   -            359 77302at7898          -            288   2.8e-07   28.5   1.1   3   3   3.5e-08   4.1e-05   21.3   0.1   209   276   263   338   241   346 0.80 -
NODE_17724_length_9836_cov_29.589607:7202-7723   -            174 77302at7898          -            288    0.0003   18.5   0.1   1   2   0.00068      0.79    7.3   0.0   230   276    11    61     2    74 0.83 -
NODE_17724_length_9836_cov_29.589607:7202-7723   -            174 77302at7898          -            288    0.0003   18.5   0.1   2   2   0.00015      0.18    9.4   0.0   220   277    98   162    82   170 0.74 -
NODE_8704_length_12483_cov_35.744428:1769-2401   -            211 77302at7898          -            288     0.005   14.5   0.1   1   2   0.00094       1.1    6.8   0.0   229   275    42    92     9    97 0.68 -
NODE_8704_length_12483_cov_35.744428:1769-2401   -            211 77302at7898          -            288     0.005   14.5   0.1   2   2    0.0019       2.2    5.8   0.0   230   276   155   206   137   208 0.84 -
#
# Program:         hmmsearch
# Version:         3.1b2 (February 2015)
# Pipeline mode:   SEARCH
# Query file:      /home/e1garcia/shotgun_PIRE/abyss/busco_downloads/lineages/actinopterygii_odb10/hmms/77302at7898.hmm
# Target file:     /home/e1garcia/shotgun_PIRE/pire_ssl_data_processing/plotosus_lineatus/busco_contigs_results-SPAdes_decontam_R1R2_noIsolate/run_actinopterygii_odb10/metaeuk_output/initial_results/contigs.modified.fasta.modified.fas
# Option settings: hmmsearch --domtblout /home/e1garcia/shotgun_PIRE/pire_ssl_data_processing/plotosus_lineatus/busco_contigs_results-SPAdes_decontam_R1R2_noIsolate/run_actinopterygii_odb10/hmmer_output/initial_run_results/77302at7898.out --cpu 1 /home/e1garcia/shotgun_PIRE/abyss/busco_downloads/lineages/actinopterygii_odb10/hmms/77302at7898.hmm /home/e1garcia/shotgun_PIRE/pire_ssl_data_processing/plotosus_lineatus/busco_contigs_results-SPAdes_decontam_R1R2_noIsolate/run_actinopterygii_odb10/metaeuk_output/initial_results/contigs.modified.fasta.modified.fas 
# Current dir:     /home/e1garcia/shotgun_PIRE/pire_ssl_data_processing/plotosus_lineatus
# Date:            Fri Aug 20 13:28:24 2021
# [ok]
