#                                                                                                       --- full sequence --- -------------- this domain -------------   hmm coord   ali coord   env coord
# target name                                   accession   tlen query name           accession   qlen   E-value  score  bias   #  of  c-Evalue  i-Evalue  score  bias  from    to  from    to  from    to  acc description of target
#                           ------------------- ---------- ----- -------------------- ---------- ----- --------- ------ ----- --- --- --------- --------- ------ ----- ----- ----- ----- ----- ----- ----- ---- ---------------------
NODE_860_length_21733_cov_27.155727:7235-8195   -            204 78658at7898          -            343  4.8e-103  343.3   0.9   1   2   1.1e-23   9.4e-21   72.8   0.1   153   194     9    50     4    67 0.90 -
NODE_860_length_21733_cov_27.155727:7235-8195   -            204 78658at7898          -            343  4.8e-103  343.3   0.9   2   2   1.7e-83   1.4e-80  269.5   0.1   191   312    79   200    69   202 0.98 -
NODE_22441_length_8963_cov_37.013651:194-6286   -            259 78658at7898          -            343     2e-84  282.1   2.2   1   2   2.8e-69   2.3e-66  222.7   0.4     9   192     3   207     1   208 0.89 -
NODE_22441_length_8963_cov_37.013651:194-6286   -            259 78658at7898          -            343     2e-84  282.1   2.2   2   2   5.5e-19   4.6e-16   57.3   0.1   242   298   201   258   198   259 0.91 -
NODE_11982_length_11314_cov_39.982078:90-7027   -            281 78658at7898          -            343   1.1e-70  236.9   0.6   1   1   1.7e-73   1.4e-70  236.5   0.6    10   299     1   278     1   281 0.93 -
NODE_3008_length_16555_cov_34.485902:700-8555   -            230 78658at7898          -            343   2.1e-58  196.5   0.3   1   2   2.1e-44   1.7e-41  140.9   0.0    34   193     3   154     1   156 0.93 -
NODE_3008_length_16555_cov_34.485902:700-8555   -            230 78658at7898          -            343   2.1e-58  196.5   0.3   2   2   2.6e-18   2.2e-15   55.1   0.1   228   303   155   229   153   230 0.93 -
NODE_955_length_21284_cov_30.536276:12507-18486 -            319 78658at7898          -            343     0.019   12.5   0.0   1   1   3.3e-05     0.028   12.0   0.0    21    60   132   171   121   248 0.78 -
NODE_13673_length_10816_cov_24.668564:7585-8166 -            127 78658at7898          -            343     0.023   12.3   0.0   1   1   2.8e-05     0.023   12.3   0.0    27    83     2    58     1    97 0.86 -
NODE_4310_length_15123_cov_35.568823:7996-10935 -            121 78658at7898          -            343     0.055   11.1   0.0   1   1   8.1e-05     0.067   10.8   0.0    30    99     8    68     4    89 0.81 -
#
# Program:         hmmsearch
# Version:         3.1b2 (February 2015)
# Pipeline mode:   SEARCH
# Query file:      /home/e1garcia/shotgun_PIRE/abyss/busco_downloads/lineages/actinopterygii_odb10/hmms/78658at7898.hmm
# Target file:     /home/e1garcia/shotgun_PIRE/pire_ssl_data_processing/plotosus_lineatus/busco_contigs_results-SPAdes_decontam_R1R2_noIsolate/run_actinopterygii_odb10/metaeuk_output/initial_results/contigs.modified.fasta.modified.fas
# Option settings: hmmsearch --domtblout /home/e1garcia/shotgun_PIRE/pire_ssl_data_processing/plotosus_lineatus/busco_contigs_results-SPAdes_decontam_R1R2_noIsolate/run_actinopterygii_odb10/hmmer_output/initial_run_results/78658at7898.out --cpu 1 /home/e1garcia/shotgun_PIRE/abyss/busco_downloads/lineages/actinopterygii_odb10/hmms/78658at7898.hmm /home/e1garcia/shotgun_PIRE/pire_ssl_data_processing/plotosus_lineatus/busco_contigs_results-SPAdes_decontam_R1R2_noIsolate/run_actinopterygii_odb10/metaeuk_output/initial_results/contigs.modified.fasta.modified.fas 
# Current dir:     /home/e1garcia/shotgun_PIRE/pire_ssl_data_processing/plotosus_lineatus
# Date:            Fri Aug 20 13:36:18 2021
# [ok]
