#                                                                                                        --- full sequence --- -------------- this domain -------------   hmm coord   ali coord   env coord
# target name                                    accession   tlen query name           accession   qlen   E-value  score  bias   #  of  c-Evalue  i-Evalue  score  bias  from    to  from    to  from    to  acc description of target
#                            ------------------- ---------- ----- -------------------- ---------- ----- --------- ------ ----- --- --- --------- --------- ------ ----- ----- ----- ----- ----- ----- ----- ---- ---------------------
NODE_2315_length_17593_cov_40.385332:13101-14053 -            267 78924at7898          -            312  1.1e-108  361.4  28.1   1   2   2.2e-25   2.5e-22   77.7   0.3   120   183    22    99     5   119 0.82 -
NODE_2315_length_17593_cov_40.385332:13101-14053 -            267 78924at7898          -            312  1.1e-108  361.4  28.1   2   2   3.1e-89   3.6e-86  287.4  22.2   178   312   129   267   121   267 0.97 -
NODE_59986_length_5445_cov_37.166293:4601-5227   -            209 78924at7898          -            312   3.5e-64  215.2  22.5   1   2   1.3e-09   1.6e-06   25.8   0.0   143   174     1    34     1    49 0.85 -
NODE_59986_length_5445_cov_37.166293:4601-5227   -            209 78924at7898          -            312   3.5e-64  215.2  22.5   2   2   1.4e-59   1.6e-56  190.0  20.2   184   310    81   209    76   209 0.95 -
NODE_111686_length_3382_cov_38.559549:203-823    -            207 78924at7898          -            312   2.8e-63  212.2  20.1   1   2     4e-09   4.6e-06   24.3   0.0   148   175     6    33     1    55 0.84 -
NODE_111686_length_3382_cov_38.559549:203-823    -            207 78924at7898          -            312   2.8e-63  212.2  20.1   2   2     5e-59   5.8e-56  188.2  18.3   194   312    89   207    56   207 0.93 -
NODE_190772_length_1771_cov_28.015550:340-1323   -            328 78924at7898          -            312   4.9e-46  155.6  26.9   1   2    0.0074       8.6    3.6   0.0   147   172    53    79    42    87 0.82 -
NODE_190772_length_1771_cov_28.015550:340-1323   -            328 78924at7898          -            312   4.9e-46  155.6  26.9   2   2   6.2e-47   7.2e-44  148.4  28.3   200   311   211   327   203   328 0.92 -
NODE_110289_length_3425_cov_30.700842:1618-2141  -            111 78924at7898          -            312   3.2e-38  129.9   0.0   1   1   3.4e-41     4e-38  129.6   0.0    15   114     2   110     1   111 0.89 -
#
# Program:         hmmsearch
# Version:         3.1b2 (February 2015)
# Pipeline mode:   SEARCH
# Query file:      /home/e1garcia/shotgun_PIRE/abyss/busco_downloads/lineages/actinopterygii_odb10/hmms/78924at7898.hmm
# Target file:     /home/e1garcia/shotgun_PIRE/pire_ssl_data_processing/plotosus_lineatus/busco_contigs_results-SPAdes_decontam_R1R2_noIsolate/run_actinopterygii_odb10/metaeuk_output/initial_results/contigs.modified.fasta.modified.fas
# Option settings: hmmsearch --domtblout /home/e1garcia/shotgun_PIRE/pire_ssl_data_processing/plotosus_lineatus/busco_contigs_results-SPAdes_decontam_R1R2_noIsolate/run_actinopterygii_odb10/hmmer_output/initial_run_results/78924at7898.out --cpu 1 /home/e1garcia/shotgun_PIRE/abyss/busco_downloads/lineages/actinopterygii_odb10/hmms/78924at7898.hmm /home/e1garcia/shotgun_PIRE/pire_ssl_data_processing/plotosus_lineatus/busco_contigs_results-SPAdes_decontam_R1R2_noIsolate/run_actinopterygii_odb10/metaeuk_output/initial_results/contigs.modified.fasta.modified.fas 
# Current dir:     /home/e1garcia/shotgun_PIRE/pire_ssl_data_processing/plotosus_lineatus
# Date:            Fri Aug 20 13:36:27 2021
# [ok]
