#                                                                                                        --- full sequence --- -------------- this domain -------------   hmm coord   ali coord   env coord
# target name                                    accession   tlen query name           accession   qlen   E-value  score  bias   #  of  c-Evalue  i-Evalue  score  bias  from    to  from    to  from    to  acc description of target
#                            ------------------- ---------- ----- -------------------- ---------- ----- --------- ------ ----- --- --- --------- --------- ------ ----- ----- ----- ----- ----- ----- ----- ---- ---------------------
NODE_63445_length_5253_cov_138.286380:435-3520   -            137 90540at7898          -            244   5.8e-66  220.7   0.3   1   1   1.1e-68   8.1e-66  220.2   0.3   115   238     1   137     1   137 0.93 -
NODE_263181_length_918_cov_1.180708:400-912      -            171 90540at7898          -            244   2.5e-19   68.0   0.4   1   1   6.5e-21   4.7e-18   63.8   0.4    11   164     2   170     1   171 0.75 -
NODE_176890_length_1984_cov_40.812732:734-1884   -            162 90540at7898          -            244   1.3e-08   32.8   0.0   1   1   3.5e-11   2.5e-08   31.9   0.0    53   147    31   143    10   152 0.69 -
NODE_142342_length_2624_cov_30.474455:604-1047   -            148 90540at7898          -            244   5.6e-05   21.0   0.0   1   1   9.9e-08   7.2e-05   20.6   0.0    31    90    30    93    26   116 0.74 -
NODE_88020_length_4153_cov_34.389739:2167-3869   -            218 90540at7898          -            244   0.00015   19.6   0.0   1   1   1.3e-06   0.00091   17.0   0.0    36   142    50   168    32   213 0.60 -
NODE_356027_length_434_cov_0.946269:92-427       -            112 90540at7898          -            244      0.01   13.6   0.2   1   2   0.00023      0.17    9.6   0.1    69    84     6    21     2    47 0.91 -
NODE_356027_length_434_cov_0.946269:92-427       -            112 90540at7898          -            244      0.01   13.6   0.2   2   2     0.038        27    2.4   0.0   101   141    69   110    63   112 0.81 -
NODE_8569_length_12540_cov_18.979021:11867-12226 -            120 90540at7898          -            244     0.014   13.2   0.0   1   1   3.4e-05     0.025   12.3   0.0    26    86     4    66     1    72 0.84 -
NODE_321496_length_530_cov_1.317865:230-523      -             98 90540at7898          -            244      0.02   12.6   0.0   1   1     3e-05     0.022   12.5   0.0    26    85    10    70     3    91 0.76 -
#
# Program:         hmmsearch
# Version:         3.1b2 (February 2015)
# Pipeline mode:   SEARCH
# Query file:      /home/e1garcia/shotgun_PIRE/abyss/busco_downloads/lineages/actinopterygii_odb10/hmms/90540at7898.hmm
# Target file:     /home/e1garcia/shotgun_PIRE/pire_ssl_data_processing/plotosus_lineatus/busco_contigs_results-SPAdes_decontam_R1R2_noIsolate/run_actinopterygii_odb10/metaeuk_output/initial_results/contigs.modified.fasta.modified.fas
# Option settings: hmmsearch --domtblout /home/e1garcia/shotgun_PIRE/pire_ssl_data_processing/plotosus_lineatus/busco_contigs_results-SPAdes_decontam_R1R2_noIsolate/run_actinopterygii_odb10/hmmer_output/initial_run_results/90540at7898.out --cpu 1 /home/e1garcia/shotgun_PIRE/abyss/busco_downloads/lineages/actinopterygii_odb10/hmms/90540at7898.hmm /home/e1garcia/shotgun_PIRE/pire_ssl_data_processing/plotosus_lineatus/busco_contigs_results-SPAdes_decontam_R1R2_noIsolate/run_actinopterygii_odb10/metaeuk_output/initial_results/contigs.modified.fasta.modified.fas 
# Current dir:     /home/e1garcia/shotgun_PIRE/pire_ssl_data_processing/plotosus_lineatus
# Date:            Fri Aug 20 13:31:41 2021
# [ok]
