#                                                                                                        --- full sequence --- -------------- this domain -------------   hmm coord   ali coord   env coord
# target name                                    accession   tlen query name           accession   qlen   E-value  score  bias   #  of  c-Evalue  i-Evalue  score  bias  from    to  from    to  from    to  acc description of target
#                            ------------------- ---------- ----- -------------------- ---------- ----- --------- ------ ----- --- --- --------- --------- ------ ----- ----- ----- ----- ----- ----- ----- ---- ---------------------
NODE_17135_length_12137_cov_54.509304:2806-9023  -            362 34939at7898          -            586  3.7e-178  591.8  13.9   1   2   1.6e-10   1.5e-07   28.4   0.1     1    23     1    23     1    43 0.87 -
NODE_17135_length_12137_cov_54.509304:2806-9023  -            362 34939at7898          -            586  3.7e-178  591.8  13.9   2   2  3.6e-173  3.4e-170  565.5  10.0    22   313    51   362    41   362 0.96 -
NODE_19136_length_11597_cov_41.648026:2407-9696  -            627 34939at7898          -            586  2.7e-137  456.9   6.5   1   1  4.2e-140  4.1e-137  456.3   6.5    22   581    18   627    13   627 0.87 -
NODE_19517_length_11501_cov_28.598842:2367-4344  -            558 34939at7898          -            586    3e-120  400.6  30.8   1   3   5.3e-32   5.1e-29   99.3   5.5    28   113    21   106    12   107 0.96 -
NODE_19517_length_11501_cov_28.598842:2367-4344  -            558 34939at7898          -            586    3e-120  400.6  30.8   2   3   3.2e-91   3.1e-88  294.9  11.3   148   490   104   465   103   493 0.91 -
NODE_19517_length_11501_cov_28.598842:2367-4344  -            558 34939at7898          -            586    3e-120  400.6  30.8   3   3   1.5e-07   0.00014   18.6   0.6   505   551   511   557   502   558 0.93 -
NODE_11115_length_14221_cov_35.038663:9404-12406 -            271 34939at7898          -            586   2.1e-33  113.8   9.3   1   2   2.2e-36   2.1e-33  113.8   9.3    61   249     1   197     1   211 0.85 -
NODE_11115_length_14221_cov_35.038663:9404-12406 -            271 34939at7898          -            586   2.1e-33  113.8   9.3   2   2     0.051        48    0.3   0.2   240   272   235   271   228   271 0.77 -
NODE_4_length_242253_cov_5.074378:163868-164851  -            328 34939at7898          -            586     4e-08   30.4  18.3   1   1   7.6e-11   7.3e-08   29.5  18.3   133   433     1   328     1   328 0.77 -
#
# Program:         hmmsearch
# Version:         3.1b2 (February 2015)
# Pipeline mode:   SEARCH
# Query file:      /home/e1garcia/shotgun_PIRE/abyss/busco_downloads/lineages/actinopterygii_odb10/hmms/34939at7898.hmm
# Target file:     /home/e1garcia/shotgun_PIRE/pire_ssl_data_processing/plotosus_lineatus/busco_contigs_results-SPAdes_contam_R1R2_noIsolate/run_actinopterygii_odb10/metaeuk_output/rerun_results/contigs.modified.fasta.modified.fas
# Option settings: hmmsearch --domtblout /home/e1garcia/shotgun_PIRE/pire_ssl_data_processing/plotosus_lineatus/busco_contigs_results-SPAdes_contam_R1R2_noIsolate/run_actinopterygii_odb10/hmmer_output/rerun_results/34939at7898.out --cpu 1 /home/e1garcia/shotgun_PIRE/abyss/busco_downloads/lineages/actinopterygii_odb10/hmms/34939at7898.hmm /home/e1garcia/shotgun_PIRE/pire_ssl_data_processing/plotosus_lineatus/busco_contigs_results-SPAdes_contam_R1R2_noIsolate/run_actinopterygii_odb10/metaeuk_output/rerun_results/contigs.modified.fasta.modified.fas 
# Current dir:     /home/e1garcia/shotgun_PIRE/pire_ssl_data_processing/plotosus_lineatus
# Date:            Fri Aug 20 14:35:51 2021
# [ok]
