#                                                                                                        --- full sequence --- -------------- this domain -------------   hmm coord   ali coord   env coord
# target name                                    accession   tlen query name           accession   qlen   E-value  score  bias   #  of  c-Evalue  i-Evalue  score  bias  from    to  from    to  from    to  acc description of target
#                            ------------------- ---------- ----- -------------------- ---------- ----- --------- ------ ----- --- --- --------- --------- ------ ----- ----- ----- ----- ----- ----- ----- ---- ---------------------
NODE_26344_length_10051_cov_47.193931:503-9270   -            295 81279at7898          -            470  3.6e-116  386.6   2.2   1   1  7.1e-119  6.8e-116  385.6   2.2   209   470     1   295     1   295 0.88 -
NODE_2212_length_22367_cov_38.804114:2173-15324  -            506 81279at7898          -            470     0.016   11.8   6.4   1   1   2.7e-05     0.026   11.1   6.4    52    89   266   304   255   319 0.85 -
NODE_48045_length_7237_cov_36.890025:916-4300    -            459 81279at7898          -            470      0.18    8.3  12.5   1   2   0.00094       0.9    6.1   1.3    49    87   340   378   334   386 0.80 -
NODE_48045_length_7237_cov_36.890025:916-4300    -            459 81279at7898          -            470      0.18    8.3  12.5   2   2   0.00049      0.47    7.0   4.1    58    88   427   458   420   459 0.89 -
NODE_92263_length_4310_cov_42.621705:2135-2473   -            113 81279at7898          -            470      0.24    8.0  23.5   1   2    0.0034       3.3    4.2  14.4   391   442     9    59     3    83 0.78 -
NODE_92263_length_4310_cov_42.621705:2135-2473   -            113 81279at7898          -            470      0.24    8.0  23.5   2   2     0.011        10    2.6   9.8   368   414    61   112    51   113 0.65 -
NODE_2138_length_22538_cov_37.318775:8532-8900   -            123 81279at7898          -            470       7.9    3.0  25.5   1   3     0.048        46    0.4   1.0   393   404     3    14     1    30 0.83 -
NODE_2138_length_22538_cov_37.318775:8532-8900   -            123 81279at7898          -            470       7.9    3.0  25.5   2   3   1.2e-05     0.011   12.3   6.1   389   423    59    96    24   100 0.82 -
NODE_2138_length_22538_cov_37.318775:8532-8900   -            123 81279at7898          -            470       7.9    3.0  25.5   3   3     0.027        26    1.2   5.3   390   415    98   123    93   123 0.91 -
#
# Program:         hmmsearch
# Version:         3.1b2 (February 2015)
# Pipeline mode:   SEARCH
# Query file:      /home/e1garcia/shotgun_PIRE/abyss/busco_downloads/lineages/actinopterygii_odb10/hmms/81279at7898.hmm
# Target file:     /home/e1garcia/shotgun_PIRE/pire_ssl_data_processing/plotosus_lineatus/busco_contigs_results-SPAdes_contam_R1R2_noIsolate/run_actinopterygii_odb10/metaeuk_output/rerun_results/contigs.modified.fasta.modified.fas
# Option settings: hmmsearch --domtblout /home/e1garcia/shotgun_PIRE/pire_ssl_data_processing/plotosus_lineatus/busco_contigs_results-SPAdes_contam_R1R2_noIsolate/run_actinopterygii_odb10/hmmer_output/rerun_results/81279at7898.out --cpu 1 /home/e1garcia/shotgun_PIRE/abyss/busco_downloads/lineages/actinopterygii_odb10/hmms/81279at7898.hmm /home/e1garcia/shotgun_PIRE/pire_ssl_data_processing/plotosus_lineatus/busco_contigs_results-SPAdes_contam_R1R2_noIsolate/run_actinopterygii_odb10/metaeuk_output/rerun_results/contigs.modified.fasta.modified.fas 
# Current dir:     /home/e1garcia/shotgun_PIRE/pire_ssl_data_processing/plotosus_lineatus
# Date:            Fri Aug 20 14:43:27 2021
# [ok]
